# epsilon, pressure, baryon density
-0.08046522960968115	0.08046452567282807	-0.00007039368530865987
-0.08044829495572135	0.07696178904019794	-0.00006971617507545313
-0.08039766259931501	0.07349286865739184	-0.00006904103531570009
-0.08031356958780747	0.07005764600073706	-0.0000683682660294007
-0.08019625296854402	0.06665600254656087	-0.00006769786721655493
-0.08004594978887013	0.06328781977119065	-0.00006702983887716284
-0.07986289709613112	0.0599529791509537	-0.00006636418101122438
-0.07964733193767236	0.05665136216217731	-0.0000657008936187396
-0.07939949136083922	0.05338285028118885	-0.00006503997669970843
-0.07911961241297705	0.05014732498431558	-0.00006438143025413094
-0.07880793214143123	0.04694466774788486	-0.00006372525428200709
-0.07846468759354709	0.043774760048223976	-0.00006307144878333687
-0.07809011581667008	0.04063748336166028	-0.00006242001375812035
-0.07768445385814547	0.037532719164521056	-0.00006177094920635746
-0.07724793876531869	0.03446034893313365	-0.00006112425512804821
-0.07678080758553504	0.03142025414382534	-0.000060479931523192636
-0.07628329736613995	0.028412316272923486	-0.000059837978391790684
-0.07575564515447877	0.02543641679675538	-0.000059198395733842415
-0.07519808799789682	0.022492437191648347	-0.00005856118354934776
-0.07461086294373953	0.01958025893392971	-0.00005792634183830678
-0.07399420703935222	0.016699763499926773	-0.00005729387060071944
-0.0733483573320803	0.01385083236596687	-0.00005666376983658577
-0.07267355086926906	0.01103334700837731	-0.000056036039545905725
-0.07197002469826394	0.008247188903485404	-0.000055410679728679355
-0.07123801586641029	0.00549223952761848	-0.00005478769038490663
-0.07047776142105343	0.0027683803571038486	-0.000054167071514587544
-0.06968949840953874	0.00007549286826883066	-0.000053548823117722104
-0.06887346387921166	-0.002586541462559257	-0.000052932945194310347
-0.06802989487741745	-0.005217841159053097	-0.00005231943774435222
-0.06715902845150157	-0.007818524744885372	-0.00005170830076784777
-0.06626110164880927	-0.010388710743728765	-0.000051099534264796927
-0.06533635151668603	-0.012928517679255961	-0.00005049313823519976
-0.06438501510247714	-0.015438064075139637	-0.00004988911267905624
-0.06340732945352803	-0.01791746845505248	-0.00004928745759636639
-0.062403531617184	-0.02036684934266717	-0.00004868817298713017
-0.061373858640790424	-0.022786325261656384	-0.0000480912588513476
-0.06031854757169271	-0.02517601473569282	-0.000047496715189018685
-0.05923783545723617	-0.02753603628844915	-0.00004690454200014342
-0.058131959344766254	-0.02986650844359805	-0.000046314739284721816
-0.057001156281628204	-0.032167549724812214	-0.00004572730704275384
-0.0558456633151675	-0.03443927865576434	-0.00004514224527423955
-0.05466571749272946	-0.03668181376012708	-0.000044559553979178894
-0.05346155586165939	-0.03889527356157313	-0.000043979233157571877
-0.052233415469302734	-0.04107977658377516	-0.00004340128280941851
-0.05098153336300488	-0.04323544135040588	-0.00004282570293471882
-0.04970614659011116	-0.04536238638513794	-0.00004225249353347278
-0.04840749219796687	-0.047460730211644035	-0.00004168165460568037
-0.04708580723391749	-0.04953059135359686	-0.000041113186151341626
-0.04574132874530828	-0.05157208833466909	-0.00004054708817045652
-0.04437429377948465	-0.05358533967853342	-0.00003998336066302507
-0.04298493938379203	-0.05557046390886249	-0.00003942200362904729
-0.041573502605575643	-0.057527579549329036	-0.00003886301706852313
-0.04014022049218098	-0.05945680512360571	-0.00003830640098145264
-0.038685330090953374	-0.06135825915536518	-0.0000377521553678358
-0.03720906844923813	-0.06323206016828019	-0.000037200280227672606
-0.0357116726143807	-0.06507832668602336	-0.00003665077556096307
-0.0341933796337264	-0.06689717723226737	-0.00003610364136770718
-0.03265442655462067	-0.06868873033068494	-0.000035558877647904954
-0.031095050424408688	-0.07045310450494878	-0.00003501648440155636
-0.029515488290435987	-0.0721904182787315	-0.000034476461628661424
-0.02791597720004796	-0.0739007901757058	-0.00003393880932922016
-0.026296754200589814	-0.07558433871954438	-0.00003340352750323251
-0.024658056339407028	-0.07724118243391993	-0.00003287061615069853
-0.023000120663844936	-0.07887143984250512	-0.0000323400752716182
-0.02132318422124889	-0.08047522946897265	-0.00003181190486599152
-0.019627484058964292	-0.08205266983699519	-0.0000312861049338185
-0.017913257224336454	-0.0836038794702454	-0.00003076267547509912
-0.016180740764710808	-0.08512897689239599	-0.0000302416164898334
-0.01443017172743262	-0.08662808062711963	-0.000029722927978021314
-0.012661787159847379	-0.08810130919808903	-0.000029206609939662902
-0.01087582410930038	-0.08954878112897684	-0.000028692662374758133
-0.009072519623137001	-0.09097061494345575	-0.000028181085283307018
-0.007252110748702648	-0.09236692916519841	-0.000027671878665309555
-0.005414834533342586	-0.09373784231787757	-0.00002716504252076574
-0.0035609280244022212	-0.09508347292516589	-0.00002666057684967557
-0.0016906282692269459	-0.09640393951073603	-0.000026158481652039053
0.000195827684837932	-0.0976993605982607	-0.000025658756927856183
0.0020982027904469097	-0.09896985471141255	-0.000025161402677126976
0.004016260000254748	-0.10021554037386429	-0.000024666418899851422
0.005949762266916042	-0.10143653610928856	-0.000024173805596029505
0.007898472543085414	-0.10263296044135811	-0.000023683562765661258
0.009862153781417582	-0.10380493189374561	-0.00002319569040874665
0.011840568934567072	-0.10495256899012367	-0.000022710188525285692
0.013833480955188576	-0.10607599025416509	-0.000022227057115278397
0.01584065279593673	-0.10717531420954239	-0.000021746296178724732
0.0178618474094661	-0.10825065937992841	-0.00002126790571562474
0.01989682774843146	-0.10930214428899579	-0.000020791885725978385
0.021945356765487326	-0.11032988746041715	-0.000020318236209785683
0.0240071974132883	-0.11133400741786523	-0.000019846957167046648
0.026082112644489203	-0.1123146226850127	-0.00001937804859776124
0.02816986541174453	-0.11327185178553228	-0.000018911510501929496
0.030270218667708876	-0.11420581324309655	-0.0000184473428795514
0.03238293536503689	-0.11511662558137827	-0.00001798554573062697
0.03450777845638345	-0.11600440732405017	-0.000017526119055156163
0.03664451089440281	-0.1168692769947848	-0.000017069062853139033
0.03879289563174988	-0.11771135311725495	-0.00001661437712457554
0.04095269562107913	-0.11853075421513323	-0.00001616206186946571
0.043123673815045394	-0.1193275988120924	-0.00001571211708780951
0.04530559316630303	-0.12010200543180509	-0.00001526454277960699
0.04749821662750697	-0.120854092597944	-0.000014819338944858096
0.049701307151311575	-0.12158397883418179	-0.000014376505583562875
0.05191462769037175	-0.12229178266419119	-0.000013936042695721284
0.054137941197341916	-0.12297762261164483	-0.000013497950281333352
0.05637101062487676	-0.12364161720021542	-0.000013062228340399079
0.05861359892563091	-0.12428388495357559	-0.000012628876872918452
0.06086546905225912	-0.12490454439539815	-0.000012197895878891474
0.06312638395741585	-0.12550371404935565	-0.000011769285358318154
0.06539610659375586	-0.12608151243912083	-0.000011343045311198478
0.06767439991393377	-0.12663805808836642	-0.000010919175737532458
0.06996102687060421	-0.12717346952076503	-0.000010497676637320082
0.07225575041642168	-0.1276878652599893	-0.000010078548010561366
0.07455833350404104	-0.12818136382971204	-9.661789857256294e-6
0.07686853908611672	-0.12865408375360585	-9.247402177404884e-6
0.0791861301153035	-0.1291061435553434	-8.835384971007112e-6
0.08151086954425595	-0.12953766175859743	-8.425738238063001e-6
0.08384252032562878	-0.12994875688704063	-8.018461978572535e-6
0.08618084541207648	-0.13033954746434556	-7.613556192535717e-6
0.08852560775625382	-0.1307101520141851	-7.211020879952559e-6
0.09087657031081534	-0.13106068906023177	-6.810856040823054e-6
0.09323349602841573	-0.13139127712615828	-6.413061675147194e-6
0.09559614786170953	-0.13170203473563732	-6.017637782924993e-6
0.09796428876335159	-0.13199308041234167	-5.6245843641564384e-6
0.10033768168599642	-0.13226453267994387	-5.233901418841518e-6
0.10271608958229851	-0.1325165100621167	-4.845588946980281e-6
0.10509927540491273	-0.1327491310825328	-4.459646948572675e-6
0.10748700210649362	-0.13296251426486488	-4.0760754236187255e-6
0.10987903263969585	-0.1331567781327856	-3.694874372118415e-6
0.11227512995717387	-0.1333320412099676	-3.316043794071779e-6
0.11467505701158244	-0.13348842202008357	-2.9395836894787864e-6
0.11707857675557647	-0.13362603908680637	-2.56549405833943e-6
0.1194854521418102	-0.1337450109338085	-2.1937749006537384e-6
0.1218954461229384	-0.13384545608476264	-1.824426216421692e-6
0.12430832165161573	-0.13392749306334154	-1.4574480056432942e-6
0.12672384168049677	-0.13399124039321786	-1.0928402683185559e-6
0.12914176916223613	-0.1340368165980643	-7.306030044474809e-7
0.13156186704948863	-0.13406434020155347	-3.7073621403002983e-7
0.13398389829490875	-0.13407392972735818	-1.3239897066245099e-8
0.1364076258511511	-0.13406570369915105	3.4188594644388223e-7
0.13883281267087033	-0.13403978064060465	6.946413165003661e-7
0.14125922170672134	-0.1339962790753919	1.04502621310321e-6
0.14368661591135828	-0.13393531752718527	1.3930406362523812e-6
0.14611475823743614	-0.13385701451965754	1.7386845859479072e-6
0.14854341163760956	-0.1337614885764814	2.081958062189794e-6
0.1509723390645329	-0.13364885822132938	2.4228610649780235e-6
0.15340130347086112	-0.1335192419778745	2.761393594312597e-6
0.1558300678092486	-0.13337275836978907	3.097555650193523e-6
0.15825839503235015	-0.133209525920746	3.4313472326207954e-6
0.16068604809282033	-0.1330296631544179	3.762768341594425e-6
0.16311278994331366	-0.1328332885944774	4.09181897711439e-6
0.16553838353648503	-0.13262052076459735	4.4184991391807124e-6
0.16796259182498896	-0.13239147818845026	4.7428088277933875e-6
0.17038517776148	-0.13214627938970894	5.064748042952399e-6
0.17280590429861276	-0.13188504289204592	5.384316784657764e-6
0.17522453438904206	-0.131607887219134	5.701515052909482e-6
0.1776408309854225	-0.13131493089464588	6.01634284770755e-6
0.1800545570404085	-0.13100629244225415	6.328800169051957e-6
0.182465475506655	-0.13068209038563156	6.638887016942728e-6
0.18487334933681632	-0.13034244324845076	6.946603391379829e-6
0.1872779414835474	-0.12998746955438448	7.251949292363292e-6
0.18967901489950267	-0.12961728782710535	7.554924719893098e-6
0.19207633253733686	-0.12923201659028605	7.85552967396926e-6
0.19446965734970445	-0.12883177436759932	8.15376415459175e-6
0.19685875228926034	-0.12841667968271778	8.44962816176061e-6
0.19924338030865896	-0.12798685105931412	8.743121695475815e-6
0.20162330436055503	-0.12754240702106107	9.034244755737366e-6
0.20399828739760323	-0.12708346609163132	9.322997342545271e-6
0.20636809237245796	-0.12661014679469745	9.609379455899511e-6
0.20873248223777413	-0.12612256765393223	9.893391095800112e-6
0.21109121994620622	-0.12562084719300834	0.000010175032262247054
0.21344406845040897	-0.12510510393559843	0.000010454302955240352
0.21579079070303694	-0.12457545640537518	0.000010731203174780002
0.2181311496567447	-0.12403202312601135	0.000011005732920865983
0.22046490826418713	-0.12347492262117951	0.000011277892193498333
0.22279182947801857	-0.1229042734145524	0.00001154768099267702
0.2251116762508938	-0.12232019402980268	0.000011815099318402059
0.22742421153546738	-0.12172280299060308	0.00001208014717067344
0.22972919828439423	-0.12111221882062623	0.000012342824549491193
0.23202639945032855	-0.12048856004354486	0.000012603131454855269
0.23431557798592523	-0.11985194518303158	0.000012861067886765705
0.23659649684383882	-0.11920249276275917	0.000013116633845222481
0.23886891897672408	-0.11854032130640023	0.000013369829330225615
0.24113260733723557	-0.11786554933762755	0.000013620654341775095
0.2433873248780279	-0.11717829538011365	0.000013869108879870928
0.24563283455175572	-0.11647867795753133	0.000014115192944513109
0.2478688993110735	-0.11576681559355323	0.00001435890653570162
0.2500952821086362	-0.11504282681185206	0.000014600249653436496
0.2523117458970983	-0.11430683013610042	0.000014839222297717731
0.2545180536291144	-0.11355894408997115	0.000015075824468545299
0.2567139682573391	-0.11279928719713682	0.000015310056165919213
0.25889925273442715	-0.1120279779812701	0.000015541917389839488
0.26107367001303317	-0.11124513496604377	0.000015771408140306103
0.26323698304581183	-0.11045087667513041	0.000015998528417319085
0.2653889547854175	-0.10964532163220277	0.000016223278220878387
0.267529348184505	-0.10882858836093345	0.00001644565755098405
0.26965792619572915	-0.10800079538499524	0.000016665666407636065
0.27177445177174436	-0.10716206122806078	0.000016883304790834428
0.2738786878652052	-0.10631250441380269	0.00001709857270057913
0.2759703974287665	-0.10545224346589376	0.00001731147013687019
0.2780493434150829	-0.10458139690800661	0.000017521997099707607
0.2801152887768088	-0.1037000832638139	0.000017730153589091357
0.2821679964665992	-0.10280842105698836	0.000017935939605021477
0.2842072294371081	-0.1019065288112026	0.000018139355147497914
0.28623275064099096	-0.10099452505012944	0.000018340400216520725
0.28824432303090186	-0.10007252829744143	0.000018539074812089883
0.2902417095594957	-0.09914065707681134	0.00001873537893420539
0.29222467317942674	-0.09819902991191182	0.000018929312582867228
0.29419297684335	-0.09724776532641548	0.00001912087575807543
0.29614638350392	-0.09628698184399517	0.000019310068459829975
0.29808465611379137	-0.09531679798832342	0.000019496890688130873
0.30000755762561865	-0.09433733228307294	0.000019681342442978115
0.3019148509920568	-0.09334870325191648	0.00001986342372437172
0.30380629916575985	-0.09235102941852666	0.000020043134532311646
0.30568166509938294	-0.09134442930657619	0.000020220474866797932
0.30754071174558084	-0.09032902143973776	0.00002039544472783059
0.30938320205700764	-0.08930492434168402	0.000020568044115409578
0.3112088989863183	-0.08827225653608771	0.00002073827302953491
0.31301756548616716	-0.08723113654662144	0.000020906131470206577
0.3148089645092096	-0.08618168289695795	0.000021071619437424635
0.31658285900809935	-0.08512401411076989	0.000021234736931189
0.3183390119354915	-0.08405824871172991	0.000021395483951499732
0.32007718624404063	-0.08298450522351077	0.00002155386049835681
0.32179714488640165	-0.08190290216978516	0.000021709866571760254
0.3234986508152286	-0.0808135580742256	0.000021863502171710025
0.3251814669831767	-0.07971659146050504	0.000022014767298206156
0.32684535634290013	-0.07861212085229594	0.000022163661951248634
0.32849008184705386	-0.07750026477327111	0.000022310186130837463
0.330115406448292	-0.07638114174710305	0.000022454339836972618
0.33172109309927	-0.07525487029746467	0.00002259612306965415
0.33330690475264185	-0.07412156894802853	0.00002273553582888202
0.3348726043610626	-0.07298135622246744	0.000022872578114656245
0.33641795487718645	-0.07183435064445381	0.000023007249926976814
0.3379427192536682	-0.07068067073766054	0.00002313955126584372
0.3394466604431627	-0.06952043502576034	0.000023269482131256987
0.34092954139832443	-0.0683537620324258	0.000023397042523216596
0.3423911250718081	-0.06718077028132957	0.00002352223244172257
0.34383117441626815	-0.06600157829614446	0.00002364505188677488
0.3452494523843592	-0.06481630460054298	0.000023765500858373527
0.34664572192873633	-0.06362506771819798	0.000023883579356518548
0.34801974600205365	-0.06242798617278204	0.0000239992873812099
0.34937128755696617	-0.06122517848796789	0.00002411262493244761
0.35070010954612835	-0.060016763187428164	0.00002422359201023167
0.35200597492219476	-0.05880285879483562	0.000024332188614562076
0.3532886466378201	-0.05758358383386287	0.000024438414745438824
0.3545478876456588	-0.05635905682818261	0.000024542270402861906
0.3557834608983661	-0.05512939630146754	0.000024643755586831364
0.35699512934859606	-0.053894720777390305	0.000024742870297347163
0.3581826559490037	-0.05265514877962373	0.00002483961453440932
0.3593458036522433	-0.051410798831840375	0.000024933988298017808
0.36048433541096975	-0.050161789457712845	0.000025025991588172664
0.36159801417783755	-0.048908239180913964	0.000025115624404873857
0.36268660290550137	-0.04765026652511638	0.0000252028867481214
0.3637498645466158	-0.04638799001399276	0.000025287778617915287
0.3647875620538355	-0.045121528171215744	0.000025370300014255527
0.36579945837981515	-0.043850999520458026	0.000025450450937142114
0.3667853164772096	-0.042576522585392386	0.000025528231386575065
0.36774489929867293	-0.041298215889691445	0.000025603641362554342
0.3686779697968603	-0.04001619795702785	0.000025676680865079983
0.3695842909244259	-0.03873058731107432	0.000025747349894151958
0.3704636256340248	-0.03744150247550352	0.000025815648449770292
0.3713157368783115	-0.036149061973988206	0.000025881576531934977
0.3721403876099405	-0.03485338433020096	0.00002594513414064601
0.3729373407815664	-0.03355458806781453	0.000026006321275903377
0.3737063593458439	-0.0322527917105015	0.000026065137937707103
0.37444720625542777	-0.030948113781934683	0.00002612158412605717
0.37515964446297284	-0.02964067280578675	0.00002617565984095361
0.375843436921133	-0.028330587305730244	0.00002622736508239637
0.37649834658256376	-0.027017975805437917	0.000026276699850385513
0.37712413639991915	-0.025702956828582604	0.000026323664144920983
0.3777205693258539	-0.02438564889883677	0.000026368257966002796
0.3782874083130227	-0.023066170539873164	0.00002641048131363096
0.3788244163140804	-0.021744640275364505	0.000026450334187805486
0.37933135628168135	-0.020421176628983524	0.000026487816588526343
0.37980799116848035	-0.01909589812440282	0.000026522928515793557
0.38025408392713206	-0.017768923285295057	0.000026555669969607128
0.38066939751029105	-0.01644037063533301	0.00002658604094996705
0.3810536948706116	-0.015110358698189226	0.000026614041456873294
0.38140673896074917	-0.013779005997536599	0.000026639671490325915
0.3817282927333574	-0.0124464310570475	0.000026662931050324863
0.38201811914109185	-0.01111275240039497	0.000026683820136870182
0.38227598113660627	-0.009778088551251389	0.00002670233874996182
0.38250164167255624	-0.008442558033289707	0.000026718486889599833
0.38269486370159567	-0.007106279370182378	0.00002673226455578418
0.38285541017637964	-0.005769371085602083	0.000026743671748514898
0.3829830440495624	-0.0044319517032217134	0.000026752708467791944
0.38307752827379904	-0.0030941397467138324	0.000026759374713615353
0.3831386258017434	-0.0017560537397511011	0.00002676367048598508
0.38316609958605113	-0.00041781220600620866	0.000026765595784901193
0.3831597125793762	0.0009204663308481145	0.00002676515061036364
0.3831192277343734	0.002258663347139263	0.000026762334962372434
0.38304440800369727	0.003596660319194457	0.000026757148840927567
0.3829350163400026	0.0049343387233411196	0.000026749592246029055
0.38279081569594414	0.00627158003590645	0.000026739665177676892
0.38261156902417637	0.007608265733217955	0.00002672736763587109
0.3823970392773538	0.008944277291602687	0.000026712699620611625
0.3821469894081312	0.010279496187388201	0.00002669566113189851
0.3818611823691636	0.0116138038969016	0.00002667625216973176
0.3815393811131047	0.012947081896470425	0.000026654472734111336
0.38118134859260966	0.014279211662421909	0.00002663032282503726
0.38078684776033345	0.015610074671083274	0.00002660380244250955
0.3803556415689301	0.016939552398781976	0.000026574911586528173
0.37988749297105484	0.018267526321845237	0.000026543650257093166
0.3793821649193617	0.019593877916600375	0.00002651001845420449
0.3788394203665059	0.020918488659374776	0.000026474016177862182
0.3782590222651412	0.022241240026495676	0.000026435643428066178
0.3776407335679233	0.02356201349429049	0.00002639490020481656
0.3769843172275061	0.024880690539086495	0.00002635178650811328
0.37628953619654465	0.026197152637210938	0.000026306302337956356
0.37555615342769355	0.027511281264991194	0.000026258447694345786
0.3747839318736069	0.02882295789875458	0.00002620822257728154
0.3739726344869401	0.030132064014828444	0.000026155626986763668
0.373122024220347	0.031438481089540074	0.00002610066092279212
0.3722318640264832	0.03274209059921675	0.000026043324385366947
0.37130191685800235	0.034042774020185865	0.000025983617374488106
0.37033194566755967	0.035340412828774675	0.00002592153989015562
0.3693217134078097	0.036634888501310525	0.000025857091932369486
0.368270983031407	0.03792608251412079	0.000025790273501129698
0.367179517491006	0.039213876343532614	0.000025721084596436247
0.366047079739262	0.040498151465873516	0.00002564952521828917
0.3648734327288289	0.041778789357470675	0.00002557559536668842
0.3636583394123617	0.04305567149465142	0.000025499295041634025
0.36240156274251495	0.04432867935374313	0.00002542062424312598
0.3611028656719432	0.045597694411073156	0.00002533958297116428
0.35976201115330136	0.04686259814296874	0.000025256171225748932
0.35837876213924363	0.04812327202575718	0.000025170389006879922
0.3569528815824253	0.04937959753576583	0.00002508223631455728
0.3554841324355007	0.05063145614932192	0.00002499171314878099
0.3539722776511236	0.05187872934275296	0.000024898819509551008
0.3524170801819502	0.05312129859238614	0.000024803555396867422
0.35081830298063416	0.05435904537454876	0.000024705920810730174
0.3491757089998301	0.05559185116556817	0.00002460591575113926
0.3474890611921932	0.0568195974417718	0.000024503540218094717
0.3457581225103772	0.058042165679486765	0.00002439879421159649
0.3439826559070377	0.05925943735504055	0.000024291677731644634
0.342162424334829	0.06047129394476036	0.000024182190778239137
0.34029719074640497	0.06167761692497352	0.000024070333351379942
0.33838671809442167	0.0628782877720075	0.000023956105451067145
0.3364307693315326	0.0640731879621894	0.00002383950707730067
0.3344291074103932	0.06526219897184662	0.00002372053823008057
0.33238149528365746	0.06644520227730658	0.0000235991989094068
0.33028769590398005	0.06762207935489646	0.000023475489115279374
0.32814747222401586	0.06879271168094357	0.000023349408847698294
0.3259605871964195	0.06995698073177536	0.000023220958106663568
0.323726803773846	0.07111476798371906	0.000023090136892175215
0.321445884908949	0.07226595491310205	0.00002295694520423318
0.31911759355438396	0.07341042299625147	0.0000228213830428375
0.3167416926628052	0.07454805370949485	0.000022683450407988175
0.3143179451868674	0.07567872852915943	0.000022543147299685193
0.31184611407922513	0.07680232893157249	0.00002240047371792856
0.30932596229253323	0.07791873639306134	0.000022255429662718276
0.3067572527794461	0.07902783238995344	0.000022108015134054338
0.3041397484926187	0.08012949839857594	0.000021958230131936767
0.30147321238470526	0.0812236158952562	0.000021806074656365526
0.29875740740836076	0.08231006635632152	0.000021651548707340642
0.2959920965162399	0.08338873125809937	0.000021494652284862125
0.29317704266099687	0.0844594920769168	0.000021335385388929934
0.2903120087952862	0.08552223028910141	0.00002117374801954408
0.2873967578717629	0.08657682737098041	0.000021009740176704584
0.28443105284308173	0.08762316479888103	0.00002084336186041144
0.28141465666189724	0.08866112404913067	0.00002067461307066465
0.27834733228086395	0.0896905865980565	0.0000205034938074642
0.27522884265263625	0.09071143392198619	0.0000203300040708101
0.2720589507298695	0.09172354749724666	0.00002015414386070236
0.2688374194652178	0.09272680880016547	0.000019975913177140968
0.2655640118113353	0.0937210993070699	0.0000197953120201259
0.2622384907208778	0.09470630049428724	0.000019612340389657207
0.2588606191464992	0.09568229383814464	0.000019426998285734852
0.2554301600408541	0.09664896081496982	0.000019239285708358847
0.2519468763565978	0.09760618290108969	0.000019049202657529206
0.2484105310463838	0.09855384157283184	0.000018856749133245888
0.24482088706286748	0.09949181830652343	0.00001866192513550892
0.24117770735870378	0.1004199945784918	0.000018464730664318323
0.23748075488654669	0.10133825186506434	0.000018265165719674063
0.23372979259905102	0.10224647164256834	0.00001806323030157615
0.22992458344887176	0.10314453538733107	0.0000178589244100246
0.22606489038866298	0.10403232457567987	0.000017652248045019383
0.2221504763710796	0.10490972068394211	0.000017443201206560516
0.21818110434877613	0.10577660518844506	0.000017231783894647993
0.2141565372744074	0.10663285956551596	0.00001701799610928182
0.21007653810062796	0.10747836529148228	0.000016801837850461998
0.2059408697800928	0.10831300384267128	0.000016583309118188546
0.2017492952654557	0.10913665669541028	0.000016362409912461417
0.19750157750937186	0.10994920532602659	0.000016139140233280638
0.19319747946449609	0.11075053121084741	0.000015913500080646216
0.1888367640834828	0.11154051582620031	0.00001568548945455815
0.1844191943189862	0.11231904064841233	0.000015455108355016407
0.17994453312366193	0.11308598715381107	0.000015222356782021049
0.1754125434501637	0.11384123681872357	0.000014987234735572018
0.17082298825114622	0.11458467111947734	0.000014749742215669324
0.1661756304792645	0.11531617153239962	0.000014509879222312986
0.16147023308717343	0.11603561953381772	0.000014267645755503013
0.15670655902752692	0.11674289660005902	0.000014023041815239376
0.15188437125298013	0.1174378842074508	0.000013776067401522092
0.14700343271618727	0.11812046383232039	0.000013526722514351149
0.1420635063698035	0.11879051695099505	0.000013275007153726566
0.13706435516648324	0.11944792503980212	0.000013020921319648333
0.13200574205888063	0.12009256957506895	0.00001276446501211643
0.12688742999965144	0.12072433203312283	0.000012505638231130909
0.12170918194144911	0.12134309389029121	0.000012244440976691716
0.11647076083692867	0.12194873662290112	0.00001198087324879886
0.11117192963874475	0.12254114170728012	0.000011714935047452352
0.1058124512995525	0.12312019061975543	0.00001144662637265221
0.1003920887720057	0.1236857648366545	0.000011175947224398402
0.09491060500875978	0.12423774583430447	0.000010902897602690958
0.08936776296246943	0.12477601508903266	0.000010627477507529877
0.08376332558578811	0.12530045407716653	0.000010349686938915112
0.07809705583137158	0.12581094427503328	0.000010069525896846712
0.07236871665187383	0.12630736715896032	9.786994381324648e-6
0.06657807099995044	0.12678960420527474	9.502092392348958e-6
0.060724881828254695	0.12725753689030425	9.21481992991959e-6
0.054808912089442025	0.12771104669037583	8.925176994036574e-6
0.048829924736167346	0.128150015081817	8.633163584699928e-6
0.04278768272108441	0.12857432354095505	8.338779701909608e-6
0.03668194899684832	0.12898385354411715	8.042025345665632e-6
0.030512486516114212	0.12937848656763073	7.74290051596803e-6
0.024279058231536282	0.12975810408782298	7.4414052128167704e-6
0.017981427095768665	0.13012258758102155	7.137539436211848e-6
0.011619356061466773	0.13047181852355336	6.831303186153283e-6
0.005192608081285188	0.13080567839174598	6.5226964626410815e-6
-0.0012990538921222594	0.13112404866192665	6.211719265675203e-6
-0.007855866906100156	0.13142681081042248	5.898371595255675e-6
-0.014478068007994435	0.13171384631356123	5.58265345138249e-6
-0.021165894245149697	0.13198503664766986	5.264564834055669e-6
-0.027919582664912013	0.13224026328907598	4.944105743275192e-6
-0.03473937031462579	0.13247940771410652	4.621276179041085e-6
-0.041625494241637515	0.13270235139908904	4.296076141353308e-6
-0.04857819149329247	0.13290897582035094	3.968505630211867e-6
-0.055597699116935434	0.13309916245421938	3.6385646456167837e-6
-0.06268425415991186	0.13327279277702175	3.3062531875680573e-6
-0.06983809366956728	0.1334297482650854	2.971571256065681e-6
-0.07705945469324722	0.1335699103947374	2.6345188511096347e-6
-0.08434857427829659	0.13369316064230544	2.295095972699959e-6
-0.0917056894720611	0.13379938048411646	1.9533026208366197e-6
-0.09913103732188606	0.1338884513964982	1.6091387955196376e-6
-0.1066248548751168	0.1339602548557776	1.2626044967489988e-6
-0.11418737917909902	0.13401467233828218	9.136997245246968e-7
-0.12181884728117709	0.13405158532033917	5.62424478846772e-7
-0.12951949622869763	0.13407087527827594	2.087787597151704e-7
-0.13728956306900503	0.13407242368841973	-1.4723743287006747e-7
-0.14512928484944532	0.13405611202709805	-5.056240989089619e-7
-0.15303889861736394	0.13402182177063807	-8.663812384015264e-7
-0.16101864142010516	0.1339694343953671	-1.2295088513477069e-6
-0.16906875030501525	0.13389883137761224	-1.5950069377475574e-6
-0.1771894623194398	0.1338098941937013	-1.9628754976010646e-6
-0.18538101451072375	0.13370250431996147	-2.3331145309082147e-6
-0.19364364392621197	0.1335765432327196	-2.705724037669008e-6
-0.20197758761325074	0.1334318924083035	-3.0807040178834643e-6
-0.21038308261918526	0.1332684333230404	-3.4580544715515774e-6
-0.21886036599136038	0.13308604745325756	-3.837775398673327e-6
-0.22740967477712173	0.13288461627528214	-4.2198667992487325e-6
-0.2360312460238152	0.1326640212654417	-4.6043286732778084e-6
-0.24472531677878492	0.13242414390006346	-4.9911610207605e-6
-0.2534921240893778	0.1321648656554748	-5.380363841696879e-6
-0.26233190500293796	0.13188606800800295	-5.7719371360868876e-6
-0.27124489656681094	0.13158763243397514	-6.165880903930542e-6
-0.2802313358283428	0.13126944040971894	-6.5621951452278604e-6
-0.28929145983487836	0.13093137341156147	-6.960879859978828e-6
-0.29842550563376313	0.13057331291583008	-7.361935048183446e-6
-0.30763371027234254	0.13019514039885227	-7.765360709841713e-6
-0.3169163107979619	0.12979673733695518	-8.171156844953637e-6
-0.3262735442579664	0.12937798520646598	-8.579323453519211e-6
-0.3357056476997014	0.12893876548371236	-8.989860535538421e-6
-0.34521285817051284	0.12847895964502126	-9.402768091011308e-6
-0.35479541271774506	0.12799844916672015	-9.818046119937825e-6
-0.36445354838874444	0.1274971155251367	-0.000010235694622317994
-0.3741875022308559	0.12697484019659755	-0.000010655713598151827
-0.3839975112914249	0.12643150465743058	-0.000011078103047439306
-0.3938838126177968	0.12586699038396282	-0.000011502862970180442
-0.4038466432573168	0.12528117885252155	-0.000011929993366375228
-0.41388624025733006	0.12467395153943434	-0.00001235949423602365
-0.42400284066518296	0.12404518992102831	-0.000012791365579125752
-0.43419668152821966	0.12339477547363076	-0.000013225607395681487
-0.44446799989378594	0.1227225896735693	-0.000013662219685690862
-0.4548170328092278	0.12202851399717096	-0.000014101202449153913
-0.4652440173218893	0.12131242992076302	-0.00001454255568607059
-0.4757491904791174	0.120574218920673	-0.000014986279396440949
-0.48633278932825574	0.119813762473228	-0.000015432373580264926
-0.4969950509166512	0.11903094205475562	-0.000015880838237542573
-0.5077362122916479	0.11822563914158285	-0.000016331673368273853
-0.5185565105005924	0.11739773521003721	-0.000016784878972458807
-0.5294561825908297	0.11654711173644611	-0.000017240455050097414
-0.5404354656097041	0.11567365019713666	-0.000017698401601189646
-0.5514945966045626	0.11477723206843615	-0.00001815871862573556
-0.5626338126227493	0.11385773882667227	-0.000018621406123735092
-0.5738533507116106	0.11291505194817181	-0.00001908646409518832
-0.5851534479184907	0.11194905290926249	-0.000019553892540095157
-0.5965343412907358	0.1109596231862714	-0.000020023691458455663
-0.6079962678756913	0.10994664425552614	-0.00002049586085026982
-0.619539464720702	0.10890999759335351	-0.000020970400715537633
-0.6311641688731136	0.10784956467608126	-0.000021447311054259088
-0.6428706173802715	0.10676522698003665	-0.0000219265918664342
-0.6546590472895211	0.10565686598154705	-0.00002240824315206296
-0.6665296956482076	0.10452436315693953	-0.00002289226491114538
-0.6784827995036762	0.10336759998254158	-0.00002337865714368143
-0.6905185959032729	0.10218645793468045	-0.000023867419849671153
-0.7026373218943425	0.10098081848968371	-0.00002435855302911451
-0.7148392145242303	0.0997505631238782	-0.000024852056682011527
-0.727124510840282	0.09849557331359138	-0.000025347930808362197
-0.7394934478898431	0.09721573053515098	-0.00002584617540816652
-0.7519462627202589	0.09591091626488407	-0.000026346790481424497
-0.7644831923788737	0.09458101197911767	-0.00002684977602813611
-0.7771044739130344	0.0932258991541795	-0.000027355132048301375
-0.7898103443700857	0.0918454592663967	-0.0000278628585419203
-0.8026010407973732	0.0904395737920966	-0.000028372955508992887
-0.8154768002422419	0.08900812420760645	-0.00002888542294951913
-0.8284378597520371	0.08755099198925376	-0.000029400260863498998
-0.8414844563741042	0.0860680586133658	-0.000029917469250932512
-0.854616827155789	0.08455920555626961	-0.000030437048111819697
-0.867835209144437	0.08302431429429291	-0.00003095899744616054
-0.8811398393873924	0.08146326630376272	-0.00003148331725395501
-0.8945309549320019	0.07987594306100643	-0.00003201000753520315
-0.9080087928256103	0.07826222604235145	-0.00003253906828990494
-0.9215735901155628	0.07662199672412512	-0.00003307049951806038
-0.9352255838492047	0.07495513658265446	-0.00003360430121966946
-0.9489650110738823	0.07326152709426725	-0.00003414047339473221
-0.9627921088369401	0.07154104973529052	-0.00003467901604324861
-0.9767071141857231	0.06979358598205132	-0.000035219929165218646
-0.9907102641675777	0.06801901731087767	-0.000035763212760642346
-1.0048017958298483	0.06621722519809625	-0.00003630886682951969
-1.0189819462198813	0.06438809112003485	-0.00003685689137185068
-1.0332509523850208	0.06253149655302032	-0.00003740728638763532
-1.0476090513726133	0.06064732297338049	-0.000037960051876873615
-1.0620564802300037	0.058735451857442056	-0.00003851518783956558
-1.076593476004537	0.05679576468153291	-0.00003907269427571117
-1.0912202757435598	0.05482814292198007	-0.00003963257118531044
-1.1059371164944158	0.05283246805511099	-0.00004019481856836332
-1.1207442353044517	0.05080862155725291	-0.00004075943642486988
-1.1356418692210124	0.04875648490473311	-0.00004132642475483011
-1.1506302552914427	0.046675939573879	-0.000041895783558243955
-1.165709630563089	0.0445668670410177	-0.00004246751283511147
-1.1808802320832952	0.04242914878247689	-0.00004304161258543261
-1.1961422968994087	0.04026266627458369	-0.00004361808280920743
-1.2114960620587736	0.03806730099366529	-0.00004419692350643591
-1.2269417646087348	0.03584293441604913	-0.000044778134677118006
-1.2424796415966386	0.03358944801806257	-0.00004536171632125377
-1.2581099300698309	0.031306723276032844	-0.00004594766843884321
-1.2738328670756554	0.028994641666287457	-0.00004653599102988627
-1.2896486896614583	0.026653084665153204	-0.000047126684094383
-1.3055576348745848	0.024281933748958207	-0.00004771974763233335
-1.3215599397623805	0.02188107039402898	-0.00004831518164373737
-1.337655841372191	0.019450376076693587	-0.000048912986128595044
-1.3538455767513617	0.016989732273278657	-0.000049513161086906386
-1.370129382947237	0.014499020460112033	-0.000050115706518671343
-1.3865074970071634	0.011978122113520784	-0.000050720622423889985
-1.4029801559784851	0.009426918709832144	-0.00005132790880256225
-1.4195475969085487	0.006845291725373681	-0.000051937565654688184
-1.4362100568446987	0.004233122636472408	-0.00005254959298026776
-1.452967772834281	0.0015902929194560045	-0.000053163990779300995
-1.4697892760608466	-0.0010833081455859626	-0.00005377959950312386
-1.4863862611398206	-0.003787494609168431	-0.00005438588364562601
-1.5026885091352473	-0.006521698970694251	-0.00005498031542086657
-1.5186948348104021	-0.009285328611800725	-0.00005556289482884562
-1.5344040529285574	-0.012077790914124548	-0.0000561336218695631
-1.5498149782529878	-0.01489849325930263	-0.00005669249654301902
-1.564926425546967	-0.017746843028972222	-0.00005723951884921341
-1.5797372095737692	-0.02062224760476957	-0.00005777468878814624
-1.5942461450966674	-0.0235241143683322	-0.00005829800635981752
-1.6084520468789352	-0.026451850701297026	-0.000058809471564227214
-1.6223537296838486	-0.029404863985300744	-0.00005930908440137542
-1.6359500082746792	-0.032382561601980206	-0.00005979684487126204
-1.6492396974147019	-0.0353843509329725	-0.000060272752973887114
-1.66222161186719	-0.038409639359914476	-0.000060736808709250624
-1.6748945663954182	-0.04145783426444306	-0.00006118901207735261
-1.6872573757626592	-0.044528343028195486	-0.00006162936307819303
-1.699308854732188	-0.047620573032808075	-0.0000620578617117719
-1.711047818067277	-0.05073393165991839	-0.00006247450797808921
-1.7224730805312012	-0.053867826291162685	-0.00006287930187714496
-1.7335834568872346	-0.057021664308178545	-0.00006327224340893919
-1.744377761898651	-0.06019485309260244	-0.00006365333257347188
-1.7548548103287225	-0.06338680002607128	-0.00006402256937074297
-1.7650134169407257	-0.06659691249022226	-0.00006437995380075255
-1.7748523964979321	-0.06982459786669218	-0.00006472548586350056
-1.7843705637636167	-0.07306926353711796	-0.00006505916555898701
-1.793566733501054	-0.07633031688313639	-0.00006538099288721194
-1.802439720473516	-0.0796071652863848	-0.0000656909678481753
-1.8109883394442772	-0.0828992161284997	-0.00006598909044187709
-1.8192114051766124	-0.08620587679111809	-0.00006627536066831735
-1.8271077324337952	-0.0895265546558771	-0.00006654977852749608
-1.8346761359790984	-0.09286065710441332	-0.00006681234401941323
-1.8419154305757963	-0.09620759151836397	-0.00006706305714406882
-1.848824430987163	-0.09956676527936592	-0.00006730191790146287
-1.8554019519764726	-0.10293758576905594	-0.00006752892629159537
-1.8616468083069986	-0.10631946036907118	-0.00006774408231446633
-1.8675578147420155	-0.10971179646104817	-0.00006794738597007574
-1.8731337860447959	-0.11311400142662434	-0.00006813883725842359
-1.8783735369786134	-0.11652548264743613	-0.00006831843617950986
-1.8832758823067441	-0.1199456475051209	-0.00006848618273333463
-1.8878396367924606	-0.12337390338131538	-0.00006864207691989784
-1.8920636151990353	-0.1268096576576563	-0.00006878611873919946
-1.895946632289744	-0.13025231771578094	-0.00006891830819123956
-1.8994875028278604	-0.13370129093732605	-0.00006903864527601812
-1.9026850415766574	-0.13715598470392829	-0.00006914712999353511
-1.9055380632994086	-0.14061580639722512	-0.00006924376234379054
-1.9080453827593897	-0.1440801633988531	-0.00006932854232678444
-1.9102058147198728	-0.14754846309044922	-0.00006940146994251678
-1.9120181739441326	-0.15102011285365036	-0.00006946254519098758
-1.9134812751954422	-0.15449452007009362	-0.00006951176807219682
-1.914593933237077	-0.15797109212141572	-0.00006954913858614452
-1.9153549628323079	-0.16144923638925365	-0.00006957465673283063
-1.9157631787444123	-0.16492836025524446	-0.00006958832251225524
-1.915817395736661	-0.16840787110102498	-0.00006959013592441826
-1.9155164285723303	-0.17188717630823186	-0.00006958009696931975
-1.9148590920146917	-0.17536568325850246	-0.00006955820564695967
-1.9138442008270216	-0.17884279933347338	-0.00006952446195733806
-1.9124705697725919	-0.18231793191478185	-0.00006947886590045488
-1.910737013614677	-0.18579048838406464	-0.00006942141747631017
-1.9086423471165512	-0.1892598761229586	-0.00006935211668490391
-1.9061853850414874	-0.19272550251310064	-0.00006927096352623607
-1.9033649421527605	-0.1961867749361278	-0.00006917795800030669
-1.900179833213643	-0.19964310077367697	-0.00006907310010711576
-1.896628872987411	-0.20309388740738496	-0.0000689563898466633
-1.8927108762373364	-0.20653854221888887	-0.00006882782721894927
-1.8884246577266934	-0.2099764725898255	-0.00006868741222397371
-1.8837690322187561	-0.21340708590183188	-0.00006853514486173659
-1.8787428144767977	-0.2168297895365449	-0.0000683710251322379
-1.8733448192640931	-0.22024399087560137	-0.00006819505303547765
-1.867573861343916	-0.2236490973006383	-0.00006800722857145589
-1.86142875547954	-0.22704451619329247	-0.00006780755174017256
-1.8549083164342384	-0.23042965493520115	-0.00006759602254162768
-1.8480113589712848	-0.23380392090800095	-0.00006737264097582123
-1.8407366978539548	-0.23716672149332893	-0.00006713740704275325
-1.83308314784552	-0.24051746407282196	-0.0000668903207424237
-1.8250495237092568	-0.2438555560281169	-0.00006663138207483262
-1.816634640208436	-0.24718040474085093	-0.00006636059103997996
-1.8078373121063356	-0.2504914175926607	-0.00006607794763786581
-1.7986563541662253	-0.2537880019651831	-0.00006578345186849006
-1.789090581151381	-0.2570695652400553	-0.00006547710373185278
-1.7791388078250765	-0.260335514798914	-0.00006515890322795394
-1.7687998489505845	-0.26358525802339633	-0.00006482885035679354
-1.7580725192911808	-0.2668182022951389	-0.0000644869451183716
-1.7469556336101366	-0.2700337549957789	-0.00006413318751268809
-1.7354480066707294	-0.27323132350695345	-0.0000637675775397431
-1.7235484532362286	-0.276410315210299	-0.00006339011519953648
-1.711255788069911	-0.27957013748745285	-0.00006300080049206833
-1.6985688259350493	-0.2827101977200515	-0.0000625996334173386
-1.6854863815949193	-0.28582990328973235	-0.00006218661397534737
-1.672007269812792	-0.28892866157813174	-0.00006176174216609455
-1.6581303053519432	-0.2920058799668873	-0.00006132501798958022
-1.6438543029756467	-0.2950609658376356	-0.00006087644144580433
-1.629178077447175	-0.29809332657201343	-0.000060416012534766863
-1.6141004435298032	-0.30110236955165787	-0.00005994373125646788
-1.598620215986804	-0.3040875021582058	-0.00005945959761090731
-1.5827362095814521	-0.3070481317732942	-0.000058963611598085196
-1.5664472390770212	-0.30998366577855996	-0.00005845577321800153
-1.549752119236786	-0.31289351155564005	-0.000057936082470656344
-1.5326496648240187	-0.31577707648617126	-0.00005740453935604958
-1.5151386906019941	-0.31863376795179066	-0.00005686114387418127
-1.4972180113339861	-0.3214629933341349	-0.00005630589602505142
-1.478886441783268	-0.3242641600148414	-0.00005573879580866001
-1.4601427967131133	-0.32703667537554665	-0.00005515984322500703
-1.4409858908867976	-0.3297799467978878	-0.00005456903827409253
-1.421414539067593	-0.33249338166350156	-0.00005396638095591646
-1.4014275560187737	-0.33517638735402516	-0.000053351871270478844
-1.3810237565036139	-0.337828371251095	-0.00005272550921777966
-1.3602019552853881	-0.34044874073634857	-0.00005208729479781895
-1.338960967127369	-0.3430369031914225	-0.00005143722801059668
-1.3172996067928313	-0.3455922659979539	-0.00005077530885611287
-1.2952166890450458	-0.3481142365375799	-0.000050101537334367444
-1.2727110286472914	-0.3506022221919365	-0.00004941591344536052
-1.2497814403628391	-0.3530556303426615	-0.000048718437189092054
-1.2264267389549637	-0.3554738683713914	-0.000048009108565562045
-1.2026457391869378	-0.3578563436597634	-0.00004728792757477047
-1.1784372558220357	-0.3602024635894141	-0.000046554894216717324
-1.1538001036235324	-0.3625116355419807	-0.00004581000849140266
-1.1287330973547	-0.36478326689909996	-0.00004505327039882643
-1.1032350517788136	-0.367016765042409	-0.00004428467993898865
-1.077304781659148	-0.3692115373535446	-0.000043504237111889356
-1.0509411017589734	-0.37136699121414357	-0.000042711941917528456
-1.0241428268415658	-0.3734825340058431	-0.000041907794355906
-0.9969087716702008	-0.3755575731102798	-0.00004109179442702204
-0.9692377510081496	-0.377591515909091	-0.000040263942130876505
-0.9411285796186866	-0.3795837697839131	-0.0000394242374674694
-0.9125800722650874	-0.3815337421163834	-0.000038572680436800786
-0.8835910437106238	-0.38344084028813885	-0.0000377092710388706
-0.8541603087185703	-0.3853044716808163	-0.000036834009273678864
-0.8242866820522008	-0.38712404367605235	-0.000035946895141225565
-0.793968978474789	-0.38889896365548426	-0.00003504792864151072
-0.7632060127496088	-0.3906286390007492	-0.00003413710977453432
-0.7319965996399348	-0.39231247709348327	-0.00003321443854029639
-0.70033955390904	-0.39394988531532427	-0.0000322799149387969
-0.6682336903201986	-0.3955402710479088	-0.000031333538970035865
-0.635677823636684	-0.39708304167287345	-0.00003037531063401327
-0.6026707686217707	-0.3985776045718557	-0.000029405229930729134
-0.5692113400387315	-0.40002336712649217	-0.00002842329686018343
-0.5352983526508414	-0.4014197367184197	-0.000027429511422376187
-0.5009306212213729	-0.40276612072927553	-0.000026423873617307375
-0.4661069605136021	-0.40406192654069617	-0.000025406383444977044
-0.4308261852908001	-0.40530656153431877	-0.000024377040905385125
-0.39508711031624366	-0.40649943309178027	-0.0000233358459985317
-0.35888855035320444	-0.4076399485947175	-0.000022282798724416706
-0.3222293201649554	-0.4087275154247675	-0.000021217899083040118
-0.2851082345147736	-0.40976154096356704	-0.000020141147074402023
-0.24752410816593085	-0.4107414325927534	-0.000019052542698502382
-0.20947575588170103	-0.41166659769396313	-0.000017952085955341173
-0.17096199242535826	-0.41253644364883313	-0.00001683977684491841
-0.1319816325601761	-0.4133503778390006	-0.000015715615367234092
-0.09253349104942954	-0.41410780764610233	-0.000014579601522288248
-0.05261638265639185	-0.4148081404517749	-0.00001343173531008085
-0.012229122144335691	-0.4154507836376558	-0.000012272016730611885
0.028629475723464914	-0.41603514458538193	-0.000011100445783881352
0.06996059618373374	-0.41656063067658966	-9.917022469889305e-6
0.11176542447319848	-0.41702664929291655	-8.721746788635718e-6
0.1540451458285867	-0.41743260781599895	-7.514618740120537e-6
0.19680094548662355	-0.41777791362747424	-6.295638324343801e-6
0.240034008684033	-0.41806197410897905	-5.064805541305566e-6
0.2837455206575441	-0.4182841966421504	-3.82212039100575e-6
0.32793666664388327	-0.418443988608625	-2.567582873444339e-6
0.3726086318797737	-0.4185407573900405	-1.3011929886214417e-6
0.4177626016019439	-0.41857391036803293	-2.295073653696346e-8
0.46339976104711905	-0.41854285492423965	1.2671438828090552e-6
0.5095212954520263	-0.41844699844029765	2.5690908694166414e-6
0.5561283900533901	-0.4182857482978436	3.8828902232857545e-6
0.6032222300879381	-0.41805851187851484	5.208541944416422e-6
0.6508040007923951	-0.41776469656394755	6.546046032808629e-6
0.6988748874034901	-0.41740370973577956	7.895402488462431e-6
0.7474360751579459	-0.41697495877564716	9.256611311377747e-6
0.7964887492924904	-0.4164778510651873	0.00001062967250155463
0.8460340950438496	-0.41591179398603717	0.000012014586058993067
0.8960732976487493	-0.41527619491983375	0.000013411351983693044
0.9466075423439161	-0.4145704612482135	0.000014819970275654589
0.9976380143660746	-0.41379400035281383	0.000016240440934877647
1.0491658989519528	-0.4129462196152714	0.000017672763961362273
1.101192381338277	-0.4120265264172232	0.000019116939355108466
1.1537186467617724	-0.41103432814030644	0.0000205729671161162
1.2067458804591644	-0.40996903216615743	0.00002204084724438546
1.2602752676671811	-0.4088300458764134	0.000023520579739916302
1.3143079936225481	-0.40761677665271134	0.000025012164602708712
1.368845243561991	-0.40632863187668816	0.00002651560183276266
1.4238882027222355	-0.40496501892998066	0.000028030891430078138
1.4794380563400087	-0.403525345194226	0.000029558033394655182
1.5354959896520362	-0.4020090180510609	0.000031097027726493767
1.592063187895044	-0.4004154448821223	0.000032647874425593905
1.6491408363057596	-0.39874403306904704	0.00003421057349195561
1.7067301201209077	-0.3969941899934722	0.00003578512492557886
1.7648322245772148	-0.3951653230370349	0.000037371528726463644
1.8234483349114066	-0.39325683958137164	0.00003896978489460997
1.882579636360211	-0.3912681470081194	0.00004057989343001788
1.9422273141603523	-0.3891986526989153	0.00004220185433268733
2.002392553548558	-0.3870477640353964	0.00004383566760261833
2.063076539761553	-0.38481488839919914	0.000045481333239810875
2.1242804580360644	-0.38249943317196095	0.00004713885124426497
2.1860054936088176	-0.38010080573531835	0.000048808221615980623
2.2482528317165396	-0.3776184134709086	0.00005048944435495783
2.311023657595956	-0.3750516637603683	0.000052182519461196574
2.3743191564837938	-0.3723999639853344	0.0000538874469346969
2.4381405136167773	-0.36966272152744417	0.000055604226775458754
2.5024889142316344	-0.3668393437683343	0.00005733285898348215
2.5673655435650895	-0.36392923808964167	0.00005907334355876708
2.632771586853872	-0.3609318118730033	0.00006082568050131362
2.6987082293347053	-0.3578464725000559	0.0000625898698111217
2.765176656244314	-0.35467262735243665	0.00006436591148819125
2.8321780528194296	-0.35140968381178245	0.00006615380553252244
2.8997136042967737	-0.34805704925973	0.00006795355194411516
2.9677844959130733	-0.34461413107791655	0.0000697651507229694
3.036391912905056	-0.3410803366479788	0.00007158860186908522
3.1055370405094482	-0.33745507335155356	0.00007342390538246262
3.175221063962973	-0.33373774857027816	0.00007527106126310152
3.245445168502359	-0.3299277696857891	0.00007713006951100198
3.316210539364333	-0.3260245440797235	0.00007900093012616402
3.387518361785619	-0.32202747913371826	0.00008088364310858757
3.459369821002944	-0.3179359822294104	0.0000827782084582727
3.531766102253035	-0.31374946074843674	0.00008468462617521937
3.6047083907726183	-0.3094673220724341	0.00008660289625942763
3.678197871798415	-0.3050889735830396	0.00008853301871089733
3.75223573056716	-0.3006138226618901	0.00009047499352962869
3.826823152315572	-0.2960412766906224	0.00009242882071562152
3.9019613222803833	-0.2913707430508735	0.000094394500268876
3.977651425698315	-0.28660162912428044	0.00009637203218939197
4.0538946478060955	-0.28173334229248004	0.0000983614164771695
4.13069217384045	-0.27676528993710914	0.00010036265313220858
4.2080451890381045	-0.2716968794398048	0.00010237574215450919
4.285954878635788	-0.26652751818220377	0.00010440068354407139
4.364422427870223	-0.2612566135459433	0.00010643747730089511
4.443449021978139	-0.25588357291265995	0.0001084861234249804
4.523035846196257	-0.25040780366399085	0.00011054662191632722
4.603184085761311	-0.24482871318157307	0.00011261897277493565
4.6838949259100175	-0.239145708847043	0.00011470317600080554
4.76516955187911	-0.23335819804203795	0.00011679923159393701
4.847009148905315	-0.22746558814819484	0.00011890713955433009
4.9294149022253535	-0.22146728654715053	0.00012102689988198469
5.012387997075955	-0.21536270062054208	0.00012315851257690082
5.0959296186938445	-0.2091512377500062	0.0001253019776390785
5.180040952315747	-0.20283230531717977	0.00012745729506851772
5.264723183178395	-0.19640531070370015	0.00012962446486521856
5.349977496518505	-0.18986966129120364	0.00013180348702918087
5.435805077572811	-0.18322476446132763	0.00013399436156040476
5.522207111578035	-0.17647002759570884	0.0001361970884588902
5.609184783770905	-0.16960485807598424	0.00013841166772463723
5.696739279388145	-0.16262866328379066	0.00014063809935764576
5.784871783666483	-0.15554085060076528	0.00014287638335791584
5.873583481842644	-0.14834082740854482	0.00014512651972544745
5.962875559153358	-0.14102800108876612	0.0001473885084602407
6.052749200835347	-0.13360177902306636	0.00014966234956229546
6.143205592125337	-0.12606156859308226	0.00015194804303161172
6.23424591826006	-0.11840677718045078	0.00015424558886818965
6.32587136447623	-0.11063681216680898	0.00015655498707202898
6.4180831160105845	-0.10275108093379359	0.0001588762376431299
6.510882358099848	-0.09474899086304167	0.00016120934058149247
6.604270275980743	-0.08662994933618984	0.00016355429588711654
6.698248054889997	-0.07839336373487549	0.00016591110356000216
6.792816880064338	-0.07003864144073513	0.00016827976360014933
6.887977936740486	-0.06156518983540604	0.000170660276007558
6.983732410155175	-0.05297241630052518	0.00017305264078222826
7.080081485545128	-0.044259728217728944	0.0001754568579241601
7.17702634814707	-0.035426532968654834	0.00017787292743335343
7.274568183197729	-0.02647223793493947	0.00018030084930980837
7.37270817593383	-0.01739625049821969	0.00018274062355352484
7.4714475115921	-0.008197978040132559	0.00018519225016450287
7.570770903189274	0.0011231712425386765	0.00018765532088918472
7.669288569359085	0.010567126701449698	0.00019009539096798576
7.766107537185424	0.020131959689410617	0.00019249042205118946
7.861223302768722	0.02981541825664208	0.0001948404141387956
7.95463136220943	0.03961525045336363	0.00019714536723080444
8.046327211607977	0.04952920432979592	0.00019940528132721575
8.136306347064812	0.0595550279361586	0.00020162015642802964
8.224564264680373	0.06969046932267209	0.00020378999253324617
8.311096460555095	0.07993327653955651	0.00020591478964286514
8.395898430789423	0.09028119763703214	0.0002079945477568867
8.478965671483799	0.10073198066531878	0.0002100292668753109
8.56029367873866	0.1112833736746364	0.00021201894699813753
8.63987794865445	0.12193312471520565	0.00021396358812536686
8.7177139773316	0.1326789818372465	0.00021586319025699864
8.79379726087056	0.14351869309097887	0.000217717753393033
8.868123295371769	0.15445000652662325	0.00021952727753346996
8.94068757693566	0.16547067019439962	0.00022129176267830946
9.011485601662681	0.17657843214452756	0.00022301120882755145
9.080512865653272	0.18777104042722795	0.0002246856159811961
9.147764865007868	0.1990462430927205	0.00022631498413924327
9.213237095826914	0.21040178819122535	0.000227899313301693
9.276925054210846	0.221835423772963	0.00022943860346854528
9.338824236260109	0.2333448978881536	0.00023093285463980014
9.39893013807514	0.24492795858701666	0.00023238206681545757
9.457238255756383	0.2565823539197727	0.0002337862399955176
9.513744085404271	0.26830583193664165	0.00023514537417998005
9.56844312311925	0.2800961406878441	0.00023645946936884515
9.62133086500176	0.29195102822359964	0.0002377285255621128
9.672402807152238	0.30386824259412865	0.00023895254275978298
9.721654445671131	0.31584553184965136	0.00024013152096185583
9.769081276658873	0.32788064404038764	0.00024126546016833115
9.814678796215908	0.3399713272165578	0.0002423543603792091
9.858442500442667	0.3521153294283821	0.00024339822159448945
9.900367885439604	0.36431039872607995	0.0002443970438141725
9.94045044730715	0.3765542831598726	0.00024535082703825806
9.978685682145745	0.38884473077997944	0.0002462595712667461
10.015069086055837	0.4011794896366202	0.0002471232764996368
10.049596155137863	0.41355630778001673	0.00024794194273693014
10.08226238549226	0.4259729332603871	0.000248715569978626
10.113063273219467	0.4384271141279521	0.00024944415822472426
10.141994314419929	0.45091659843293286	0.00025012770747522516
10.169051005194085	0.4634391342255482	0.00025076621773012866
10.194228841642376	0.47599246955601887	0.0002513596889894347
10.217523319865242	0.48857435247456527	0.0002519081212531434
10.238929935963114	0.5011825310314066	0.0002524115145212544
10.258444186036451	0.5138147532767641	0.00025286986879376823
10.276061566185682	0.5264687672608569	0.00025328318407068456
10.29177757251124	0.5391423210339059	0.0002536514603520033
10.305587701113577	0.5518331626461306	0.0002539746976377247
10.317487448093132	0.5645390401477517	0.0002542528959278487
10.32747230955034	0.5772577015889888	0.0002544860552223752
10.335537781585646	0.5899868950200624	0.0002546741755213043
10.341679360299493	0.6027243684911929	0.000254817256824636
10.345892541792308	0.6154678700525992	0.0002549152991323701
10.348172822164546	0.6282151477545032	0.00025496830244450694
10.348515697516639	0.6409639496471238	0.00025497626676104627
10.346916663949024	0.6537120237806812	0.00025493919208198804
10.343371217562153	0.6664571182053961	0.00025485707840733254
10.337874854456459	0.6791969809714874	0.00025472992573707953
10.330423070732387	0.6919293601291769	0.00025455773407122913
10.321011362490367	0.704652003728684	0.00025434050340978123
10.30963522583085	0.7173626598202287	0.00025407823375273595
10.296290156854264	0.7300590764540307	0.00025377092510009305
10.28097165166107	0.7427390016803114	0.000253418577451853
10.263675206351689	0.7554001835492897	0.00025302119080801536
10.244396317026563	0.7680403701111861	0.0002525787651685802
10.22313047978614	0.7806573094162207	0.00025209130053354767
10.199873190730859	0.7932487495146141	0.0002515587969029177
10.174619945961158	0.805812438456586	0.0002509812542766903
10.147366241577476	0.8183461242923565	0.0002503586726548654
10.118107573680259	0.8308475550721461	0.0002496910520374432
10.08683943836994	0.8433144788461744	0.0002489783924244235
10.053557331746966	0.8557446436646616	0.0002482206938158063
10.018256749911767	0.8681357975778282	0.00024741795621159167
9.980933188964794	0.8804856886358939	0.0002465701796117796
9.941582145006487	0.8927920648890796	0.0002456773640163702
9.900199114137276	0.9050526743876048	0.0002447395094253632
9.856779592457613	0.9172652651816895	0.00024375661583875887
9.811319076067928	0.9294275853215537	0.00024272868325655702
9.763813061068669	0.9415373828574184	0.0002416557116787578
9.714257043560277	0.9535924058395032	0.00024053770110536116
9.662646519643182	0.9655904023180281	0.000239374651536367
9.608976985417835	0.9775291203432133	0.00023816656297177542
9.55324393698467	0.9894063079652791	0.0002369134354115864
9.495442870444133	1.0012197132344451	0.00023561526885579998
9.435569281896658	1.0129670842009326	0.00023427206330441607
9.373618667442686	1.0246461689149602	0.00023288381875743468
9.309586523182663	1.0362547154267494	0.0002314505352148559
9.243468345217027	1.047790471786519	0.0002299722126766797
9.175259629646215	1.0592511860444902	0.00022844885114290607
9.10495587257067	1.0706346062508834	0.0002268804506135351
9.032552570090827	1.0819384804559173	0.00022526701108856645
8.958045218307136	1.093160556709813	0.00022360853256800053
8.881429313320025	1.104298583062791	0.000221905015051837
8.802700351229948	1.1153503075650697	0.00022015645854007616
8.721853828137338	1.1263134782668713	0.00021836286303271793
8.638885240142635	1.1371858432184156	0.0002165242285297622
8.553790083346277	1.1479651504699213	0.00021464055503120903
8.466563853848704	1.1586491480716095	0.0002127118425370583
8.37720204775037	1.1692355840737005	0.00021073809104731034
8.285700161151697	1.179722206526414	0.0002087193005619648
8.192053690153138	1.1901067634799707	0.000206655471081022
8.096258130855121	1.2003870029845896	0.0002045466026044815
7.998308979358096	1.210560673090492	0.00020239269513234366
7.898201731762506	1.2206255218478972	0.00020019374866460848
7.79593188416878	1.2305792973070262	0.00019794976320127575
7.691494932677365	1.2404197475180985	0.00019566073874234557
7.584886373388701	1.2501446205313345	0.000193326675287818
7.476101702403231	1.2597516643969535	0.00019094757283769298
7.365136415821393	1.2692386271651763	0.00018852343139197063
7.251986009743616	1.2786032568862242	0.00018605425095065062
7.136645980270361	1.287843301610316	0.00018354003151373335
7.019111823502053	1.296956509387671	0.00018098077308121855
6.899379035539134	1.3059406282685104	0.00017837647565310626
6.7774431124820556	1.3147934063030549	0.0001757271392293967
6.653299550431245	1.3235125915415231	0.00017303276381008958
6.526943845487148	1.3320959320341372	0.00017029334939518506
6.398371493750204	1.3405411758311157	0.00016750889598468312
6.267577991320847	1.3488460709826788	0.00016467940357858354
6.134558834299531	1.3570083655390475	0.00016180487217688674
5.999309518786684	1.365025807550441	0.00015888530177959238
5.861825540882755	1.37289614506708	0.00015592069238670067
5.7221023966881805	1.3806171261391849	0.00015291104399821153
5.580135582303403	1.3881864988169745	0.00014985635661412497
5.435920593828852	1.39560201115067	0.0001467566302344408
5.28945292736498	1.4028614111904911	0.00014361186485915928
5.1407280790122245	1.4099624469866594	0.00014042206048828036
4.989741544871023	1.4169028665893932	0.00013718721712180397
4.83648882104182	1.4236804180489133	0.0001339073347597302
4.680965403625048	1.4302928494154399	0.00013058241340205883
4.523166788721158	1.4367379087391925	0.0001272124530487902
4.363088472430578	1.443013344070392	0.00012379745369992394
4.200725950853762	1.4491169034592581	0.00012033741535546043
4.0360747200911415	1.455046334956012	0.00011683233801539942
3.869130276243157	1.4607993866108715	0.00011328222167974095
3.6998881154102485	1.4663738064740586	0.000109687066348485
3.528343733692857	1.4717673425957933	0.0001060468720216316
3.354492627191427	1.4769777430262958	0.00010236163869918084
3.178330292006397	1.4820027558157851	0.00009863136638113267
2.9998522242382064	1.4868401290144817	0.00009485605506748704
2.819053919987289	1.4914876106726065	0.00009103570475824387
2.6359308753540867	1.4959429488403795	0.00008717031545340319
2.450478586439054	1.5002038915680207	0.00008325988715296529
2.2626925493426224	1.50426818690575	0.00007930441985692997
2.0725682601652213	1.5081335829037874	0.00007530391356529701
1.8801012150073089	1.5117978276123527	0.00007125836827806678
1.6852869099693053	1.5152586690816672	0.00006716778399523888
1.4881208411516744	1.5185138553619497	0.00006303216071681377
1.2885985046548414	1.521561134503422	0.000058851498442791174
1.0867153965792449	1.5243982545563028	0.00005462579717317105
0.8824670130253354	1.5270229635708128	0.000050355056907953584
0.6758488500935482	1.529433009597171	0.000046039277647138676
0.46685640388431127	1.5316261406855995	0.000041678459390726106
0.25548517049808916	1.5336001048863177	0.00003727260213871636
0.04173064603530974	1.535352650249545	0.00003282170589110917
-0.17441167340359653	1.536881524825501	0.00002832577064790432
-0.3929462917181761	1.538184476664408	0.000023784796409102133
-0.6138777128079902	1.539259253816485	0.000019198783174702555
-0.8372104405726014	1.5401036043319527	0.000014567730944705531
-1.0629489789115678	1.5407152762610292	9.891639719111062e-6
-1.2910978317244484	1.5410920176539369	5.170509497919203e-6
-1.5216615029108098	1.5412315765608944	4.043402811297896e-7
-1.7546444963702026	1.5411317010321235	-4.40686793125696e-6
-1.9900513160021942	1.5407901391178416	-9.263115139241263e-6
-2.227886465706335	1.5402046388682722	-0.000014164401342822849
-2.4681544493821956	1.5393729483336336	-0.000019110726542001988
-2.7108597709293276	1.538292815564145	-0.000024102090736778518
-2.9560069342473	1.536961988610029	-0.0000291384939271526
-3.2036004432356604	1.5353782155215034	-0.00003421993611312402
-3.4536448017939776	1.5335392443487894	-0.00003934641729469294
-3.706144513821804	1.5314428231421078	-0.000044517937471859196
-3.961104083218711	1.529086699951677	-0.00004973449664462306
-4.218528013884246	1.5264686228277187	-0.00005499609481298426
-4.478420809717972	1.5235863398204523	-0.00006030273197694285
-4.740786974619454	1.5204375989800976	-0.000065654408136499
-5.005631012488245	1.5170201483568757	-0.00007105112329165248
-5.2729574272239095	1.5133317360010055	-0.00007649287744240346
-5.542770722726007	1.5093701099627086	-0.00008197967058875188
-5.815075402894088	1.505133018292204	-0.00008751150273069759
-6.089875971627728	1.5006182090397118	-0.0000930883738682409
-6.367176932826482	1.4958234302554532	-0.00009871028400138172
-6.646982790389898	1.490746429989647	-0.00010437723313011982
-6.92929804821755	1.4853849562925148	-0.00011008922125445547
-7.214127210208998	1.4797367572142748	-0.00011584624837438867
-7.501474780263781	1.4737995808051496	-0.000121648314489919
-7.7913452622814825	1.4675711751153564	-0.00012749541960104698
-8.083743160161658	1.4610492881951178	-0.00013338756370777247
-8.378672977803847	1.454231668094653	-0.00013932474681009507
-8.676139219107636	1.4471160628641815	-0.0001453069689080154
-8.976146387972568	1.439700220553925	-0.000151334230001533
-9.278698988298222	1.4319818892141023	-0.00015740653009064831
-9.583801523984121	1.4239588168949338	-0.00016352386917536064
-9.891458498929865	1.4156287516466388	-0.00016968624725567075
-10.201674417034988	1.406989441519439	-0.00017589366433157813
-10.514453782199071	1.3980386345635547	-0.00018214612040308315
-10.829801098321651	1.388774078829205	-0.00018844361547018545
-11.147720869302294	1.3791935223666094	-0.0001947861495328851
-11.468217599040571	1.36929471322599	-0.00020117372259118236
-11.791295791436037	1.3590753994575648	-0.0002076063346450771
-12.116959950388239	1.348533329111555	-0.0002140839856945691
-12.445214579796758	1.3376662502381809	-0.0002206066757396588
-12.776064183561129	1.3264719108876624	-0.0002271744047803456
-13.109513265580937	1.31494805911022	-0.0002337871728166301
-13.445566329755723	1.3030924429560737	-0.00024044497984851188
-13.784227879985062	1.290902810475443	-0.0002471478258759913
-14.125502420168495	1.278376909718547	-0.00025389571089906793
-14.469394454205595	1.2655124887356084	-0.0002606886349177421
-14.81590848599592	1.2523072955768464	-0.00026752659793201366
-15.165049019439033	1.2387590782924804	-0.00027440959994188283
-15.516820558434485	1.224865584932732	-0.0002813376409473493
-15.871227606881847	1.2106245635478188	-0.00028831072094841334
-16.228274668680662	1.196033762187964	-0.0002953288399450746
-16.587966247730503	1.1810909289033846	-0.0003023919979373334
-16.950306847930932	1.1657938117443039	-0.00030950019492518975
-17.3153009731815	1.150140158760939	-0.0003166534309086435
-17.682953127381765	1.1341277180035125	-0.0003238517058876946
-18.05326781443129	1.1177542375222436	-0.00033109501986234305
-18.426249538229644	1.101017465367352	-0.0003383833728325891
-18.801902802676384	1.0839151495890578	-0.00034571676479843274
-19.18023211167105	1.0664450382375819	-0.0003530951957598735
-19.561241969113222	1.048604879363144	-0.0003605186657169118
-19.944936878902464	1.0303924210159636	-0.0003679871746695477
-20.33132134493831	1.0118054112462622	-0.0003755007226177808
-20.72039987112035	0.9928415981042593	-0.0003830593095616115
-21.112176961348126	0.9734987296401751	-0.00039066293550103965
-21.5066571195212	0.9537745539042288	-0.0003983116004360653
-21.90384484953913	0.9336668189466417	-0.0004060053043666882
-22.30374465530148	0.9131732728176329	-0.00041374404729290854
-22.7063610407078	0.8922916635674243	-0.0004215278292147263
-23.11169850965768	0.8710197392462344	-0.00042935665013214174
-23.51976156605064	0.849355247904283	-0.0004372305100451544
-23.930554713786275	0.8272959375917912	-0.0004451494089537648
-24.344082456764124	0.8048395563589805	-0.0004531133468579725
-24.760349298883728	0.7819838522560687	-0.0004611223237577773
-25.17935974404468	0.7587265733332758	-0.0004691763396531798
-25.60111829614653	0.7350654676408239	-0.0004772753945441797
-26.02562945908885	0.710998283228931	-0.0004854194884307772
-26.452897736771167	0.6865227681478188	-0.000493608621312972
-26.882927633093075	0.6616366704477068	-0.0005018427931907643
-27.315723651954105	0.6363377381788169	-0.0005101220040641539
-27.751290297253842	0.6106237193913655	-0.0005184462539331411
-28.18963207289183	0.5844923621355762	-0.0005268155427977256
-28.630753482767638	0.5579414144616659	-0.0005352298706579078
-29.074659030780815	0.5309686244198586	-0.0005436892375136872
-29.521353220830935	0.5035717400603708	-0.0005521936433650643
-29.970840556817535	0.47574850943342506	-0.0005607430882120385
-30.423125542640197	0.4474966805892402	-0.0005693375720546103
-30.87821268219847	0.4188140015780384	-0.0005779770948927795
-31.33610647939192	0.38969822045003655	-0.0005866616567265462
-31.796811438120102	0.360147085255456	-0.0005953912575559104
-32.26033206228257	0.3301583440445177	-0.0006041658973808719
-32.726672855778894	0.2997297448674425	-0.0006129855762014308
-33.19583832250864	0.2688590357744487	-0.0006218502940175874
-33.66783296637134	0.23754396481575712	-0.0006307600508293411
-34.1426612912666	0.20578228004158783	-0.0006397148466366926
-34.620327801093936	0.17357172950216082	-0.0006487146814396414
-35.10083699975291	0.14091006124769745	-0.0006577595552381874
-35.5841933911431	0.10779502332841595	-0.000666849468032331
-36.070401479164076	0.07422436379453812	-0.0006759844198220721
-36.55946576771538	0.04019583069628174	-0.0006851644106074106
-37.05139076069656	0.005707172083869949	-0.0006943894403883466
-37.541236824103194	-0.02924257392134048	-0.0007035668981714522
-38.019973335801104	-0.06464585903743568	-0.0007125278216942998
-38.48738758044278	-0.10049168761296792	-0.0007212686365489603
-38.943457547161394	-0.13676905421452856	-0.000729789342735434
-39.38816122509012	-0.17346695340870805	-0.0007380899402537206
-39.82147660336214	-0.2105743797620968	-0.0007461704291038202
-40.24338167111065	-0.2480803278412871	-0.0007540308092857325
-40.653854417468835	-0.2859737922128671	-0.0007616710807994584
-41.05287283156984	-0.32424376744342914	-0.0007690912436449969
-41.44041490254688	-0.362879248099564	-0.0007762912978223485
-41.81645861953315	-0.4018692287478613	-0.0007832712433315136
-42.18098197166178	-0.4412027039549128	-0.000790031080172491
-42.533962948066	-0.4808686682873076	-0.0007965708083452818
-42.87537953787896	-0.520856116311638	-0.0008028904278498857
-43.205209730233854	-0.5611540425944931	-0.0008089899386863024
-43.52343151426386	-0.6017514417024645	-0.0008148693408545321
-43.830022879102145	-0.6426373082021425	-0.0008205286343545746
-44.12496181388193	-0.6838006366601191	-0.0008259678191864304
-44.40822630773637	-0.7252304216429831	-0.0008311868953500994
-44.679794349798634	-0.7669156577173258	-0.000836185862845581
-44.93964392920193	-0.8088453394497372	-0.0008409647216728759
-45.18775303507941	-0.8510084614068104	-0.0008455234718319836
-45.4240996565643	-0.8933940181551332	-0.0008498621133229046
-45.64866178278975	-0.9359910042612978	-0.0008539806461456386
-45.86141740288893	-0.9787884142918942	-0.0008578790703001854
-46.06234450599506	-1.0217752428135134	-0.0008615573857865454
-46.25142108124127	-1.0649404843927457	-0.0008650155926047181
-46.42862511776077	-1.1082731335961813	-0.0008682536907547038
-46.59393460468675	-1.1517621849904127	-0.0008712716802365028
-46.74732753115238	-1.1953966331420285	-0.0008740695610501149
-46.88878188629085	-1.239165472617621	-0.0008766473331955399
-47.01827565923533	-1.2830576979837789	-0.0008790049966727778
-47.13578683911899	-1.3270623038070954	-0.0008811425514818286
-47.24129341507505	-1.37116828465416	-0.0008830599976226926
-47.33477337623665	-1.4153646350915614	-0.0008847573350953694
-47.41620471173701	-1.4596403496858936	-0.0008862345638998596
-47.48556541070929	-1.5039844230037427	-0.0008874916840361629
-47.542833462286644	-1.5483858496117056	-0.0008885286955042786
-47.5879868556023	-1.5928336240763696	-0.0008893455983042078
-47.621003579789424	-1.6373167409643241	-0.0008899423924359497
-47.641861623981185	-1.6818241948421608	-0.0008903190778995049
-47.6505389773108	-1.7263449802764725	-0.0008904756546948733
-47.64701362891138	-1.7708680918338457	-0.000890412122822054
-47.63126356791618	-1.8153825240808736	-0.0008901284822810482
-47.60326678345836	-1.8598772715841476	-0.0008896247330718556
-47.56300126467106	-1.9043413289102562	-0.0008889008751944755
-47.5104450006875	-1.9487636906257908	-0.0008879569086489084
-47.44557598064088	-1.9931333512973437	-0.0008867928334351549
-47.36837219366432	-2.0374393054915036	-0.0008854086495532137
-47.27881162889108	-2.0816705477748614	-0.0008838043570030862
-47.17687227545426	-2.1258160727140107	-0.0008819799557847712
-47.06253212248709	-2.1698648748755356	-0.0008799354458982694
-46.93576915912275	-2.213805948826033	-0.0008776708273435806
-46.79656137449442	-2.257628289132091	-0.0008751861001207049
-46.644886757735286	-2.3013208903603006	-0.0008724812642296424
-46.480723297978486	-2.3448727470772517	-0.0008695563196703925
-46.304048984357266	-2.3882728538495375	-0.0008664112664429561
-46.11484180600473	-2.431510205243744	-0.0008630461045473322
-45.91307975205413	-2.474573795826466	-0.0008594608339835214
-45.69874081163863	-2.5174526201642937	-0.0008556554547515239
-45.471802973891386	-2.5601356728238156	-0.0008516299668513392
-45.232244227945586	-2.602611948371624	-0.0008473843702829673
-44.98004256293445	-2.6448704413743096	-0.000842918665046409
-44.71517596799109	-2.686900146398461	-0.000838232851141663
-44.437622432248766	-2.7286900580106734	-0.0008333269285687305
-44.14735994484061	-2.7702291707775326	-0.000828200897327611
-43.84436649489981	-2.811506479265632	-0.0008228547574183045
-43.52862007155955	-2.8525109780415594	-0.0008172885088408108
-43.20009866395303	-2.893231661671908	-0.0008115021515951305
-42.858780261213376	-2.9336575247232677	-0.0008054956856812627
-42.50464285247383	-2.9737775617622315	-0.0007992691110992083
-42.13766442686754	-3.0135807673553856	-0.0007928224278489665
-41.75782297352771	-3.053056136069327	-0.0007861556359305382
-41.365096481587514	-3.092192662470638	-0.0007792687353439229
-40.95946294018012	-3.1309793411259146	-0.0007721617260891203
-40.54090033843872	-3.169405166601747	-0.000764834608166131
-40.10938666549647	-3.2074591334647224	-0.0007572873815749542
-39.66489991048661	-3.245130236281438	-0.0007495200463155911
-39.20741806254226	-3.28240746961848	-0.0007415326023880404
-38.73691911079662	-3.319279828042439	-0.0007333250497923027
-38.25338104438291	-3.3557363061199075	-0.0007248973885283787
-37.756781852434294	-3.3917658984174746	-0.0007162496185962677
-37.247099524083865	-3.4273575995017316	-0.0007073817399959687
-36.724312048464945	-3.462500403939269	-0.0006982937527274836
-36.18839741471063	-3.497183306296677	-0.0006889856567908114
-35.63933361195409	-3.531395301140547	-0.0006794574521859517
-35.07709862932857	-3.565125383037469	-0.0006697091389129055
-34.50167045596723	-3.5983625465540334	-0.0006597407169716726
-33.9130270810032	-3.6310957862568314	-0.000649552186362252
-33.31114649356971	-3.663314096712456	-0.0006391435470846446
-32.69600668279993	-3.6950064724874934	-0.0006285147991388503
-32.067585637827065	-3.726161908148537	-0.0006176659425248693
-31.425861347784267	-3.7567693982621764	-0.0006065969772427012
-30.770811801804694	-3.7868179373950044	-0.0005953079032923457
-30.102414989021582	-3.8162965201136094	-0.0005837987206738035
-29.420648898568068	-3.8451941409845825	-0.000572069429387074
-28.725491519577396	-3.873499794574514	-0.0005601200294321583
-28.016920841182642	-3.9012024754499945	-0.0005479505208090546
-27.294914852517092	-3.928291178177616	-0.0005355609035177645
-26.55945154271389	-3.9547548973239683	-0.0005229511775582876
-25.810508900906207	-3.9805826274556404	-0.0005101213429306236
-25.04806491622723	-4.005763363139227	-0.0004970713996347726
-24.272097577810126	-4.030286098941315	-0.0004838013476707344
-23.48258487478809	-4.054139829428497	-0.0004703111870385092
-22.67950479629429	-4.077313549167362	-0.0004566009177380968
-21.862835331461945	-4.099796252724505	-0.0004426705397694979
-21.032554469424227	-4.121576934666509	-0.00042852005313271215
-20.188640199314285	-4.142644589559971	-0.0004141494578277392
-19.33107051026531	-4.16298821197148	-0.0003995587538545791
-18.459823391410474	-4.182596796467627	-0.00038474794121323176
-17.57487683188301	-4.201459337615001	-0.0003697170199036979
-16.67620882081606	-4.219564829980196	-0.0003544659899259772
-15.763797347342788	-4.236902268129795	-0.000338994851280069
-14.8376204005964	-4.253460646630398	-0.00032330360396597385
-13.897655969710092	-4.269228960048588	-0.00030739224798369204
-12.943882043817023	-4.284196202950965	-0.00029126078333322326
-11.976276612050368	-4.298351369904109	-0.0002749092100145672
-10.99481766354332	-4.311683455474618	-0.00025833752802772417
-9.999483187429085	-4.324181454229079	-0.0002415457373726946
-8.990251172840772	-4.335834360734082	-0.0002245338380494772
-7.967099608911657	-4.346631169556223	-0.00020730183005807372
-6.930006484774851	-4.356560875262088	-0.00018984971339848283
-5.878949789563551	-4.36561247241827	-0.00017217748807070487
-4.8139075124109665	-4.373774955591357	-0.00015428515407474026
-3.734857642450244	-4.3810373193479375	-0.00013617271141058837
-2.6417781688145805	-4.38738855825461	-0.00011784016007824962
-1.534647080637126	-4.39281766687796	-0.00009928750007772336
-0.413442367051136	-4.39731363978458	-0.0000805147314090109
0.721857982810246	-4.400865471541059	-0.00006152185407211157
1.8712759798138898	-4.403462156713989	-0.00004230886806702453
3.0348336348265486	-4.405092689869958	-0.000022875773393750843
4.212552958715069	-4.40574606557556	-3.2225700522900847e-6
5.404455962346256	-4.405411278397384	0.00001665074195735753
6.610564656586954	-4.404077322902022	0.000036744162635192435
7.830901052303929	-4.401733193656062	0.000057057691981213764
9.065487160364091	-4.3983678852260955	0.00007759132999542303
10.31434499163413	-4.393970392178716	0.00009834507667781807
11.577496556980996	-4.388529709080512	0.00011931893202840106
12.854963867271437	-4.382034830498071	0.0001405128960471709
14.146768933372266	-4.374474750997992	0.00016192696873412737
15.452933766150323	-4.365838465146858	0.00018356115008927093
16.77348037647244	-4.35611496751126	0.00020541544011260177
18.1084307752054	-4.345293252657795	0.00022748983880411925
19.457806973216055	-4.333362315153048	0.000249784346163824
20.821630981371186	-4.320311149563608	0.00027229896219171544
22.19992481053763	-4.306128750456072	0.0002950336868877937
23.592710471582215	-4.290804112397026	0.00031798852025205905
25.000009975371782	-4.27432622995306	0.0003411634622845119
26.42184533277308	-4.256684097690771	0.00036455851298515096
27.858238554653003	-4.237866710176746	0.0003881736723539775
29.309211651878336	-4.217863061977571	0.00041200894039099115
30.77478663531588	-4.196662147659841	0.00043606431709619143
32.254985515832495	-4.174252961790147	0.000460339802469579
33.74983030429496	-4.1506244989350805	0.0004848353965111534
35.259343011570124	-4.1257657536612315	0.0005095510992209149
36.78354564852478	-4.099665720535188	0.0005344869105988633
38.32246022602577	-4.072313394123541	0.0005596428306449987
39.87610875493989	-4.0436977689928835	0.000585018859359321
41.44451324613399	-4.013807839709806	0.0006106149967418306
43.027695710474845	-3.9826326008408977	0.0006364312427925268
44.62567815882929	-3.950161046952749	0.0006624675975114098
46.2384826020642	-3.916382172611952	0.0006887240608984806
47.86613105104629	-3.881284972385097	0.0007152006329537376
49.508645516642474	-3.8448584408387774	0.0007418973136771821
51.16604800971952	-3.8070915725395773	0.0007688141030688135
52.838360541144226	-3.7679733620540947	0.0007959510011286313
54.525605121783485	-3.72749280394891	0.0008233080078566368
56.22780376250409	-3.6856388927906254	0.0008508851232528296
57.94497847417278	-3.642400623145825	0.0008786823473172084
59.677151267656456	-3.5977669895811006	0.0009066996800497745
61.42434415382189	-3.551726986663044	0.0009349371214505272
63.186579143536	-3.5042696089582455	0.0009633946715194679
64.96387824766549	-3.455383851033292	0.0009920723302565952
66.75626347707724	-3.4050587074547822	0.0010209700976619095
68.56375684263803	-3.3532831727892995	0.0010500879737354103
70.38638035521471	-3.3000462416034377	0.0010794259584770986
72.22415602567406	-3.245336908463785	0.0011089840518869736
74.07710586488298	-3.189144167936937	0.0011387622539650363
75.94525188370814	-3.1314570145894782	0.0011687605647112845
77.82861609301656	-3.072264442988006	0.0011989789841257213
79.7272205036749	-3.0115554476991067	0.001229417512208344
81.64108712655002	-2.949319023289368	0.001260076148959154
83.57023797250875	-2.8855441643253865	0.0012909548943781507
85.51469505241795	-2.8202198653737494	0.0013220537484653352
87.47448037714437	-2.753335121001049	0.0013533727112207063
89.44961595755485	-2.6848789257738757	0.0013849117826442642
91.44012380451622	-2.614840274258821	0.001416670962736009
93.4460259288953	-2.5432081610224726	0.0014486502514959412
95.46734434155886	-2.469971580631424	0.0014808496489240597
97.50410105337382	-2.3951195276522634	0.001513269155020366
99.55631807520692	-2.318640996651583	0.001545908769784859
101.62401741792497	-2.240524982195973	0.0015787684932175388
103.70722109239482	-2.1607604788520263	0.0016118483253184054
105.80595110948335	-2.0793364811863295	0.00164514826608746
107.92022948005724	-1.9962419837654757	0.0016786683155247007
110.05007821498339	-1.9114659811560557	0.001712408473630128
112.19551932512866	-1.8249974679246606	0.0017463687404037434
114.35657482135974	-1.7368254386378794	0.0017805491158455447
116.53326671454361	-1.6469388878623032	0.001814949599955534
118.72561701554699	-1.5553268101645212	0.00184957019273371
120.93364773523668	-1.4619782001111297	0.0018844108941800724
123.15738088447956	-1.3668820522687124	0.0019194717042946227
125.39683847414238	-1.2700273612038657	0.001954752623077359
127.65204251509206	-1.1714031214831735	0.001990253650528283
129.92301501819534	-1.0709983276732338	0.0020259747866473938
132.20977799431907	-0.9688019743406322	0.0020619160314346917
134.51235345433003	-0.8648030560519615	0.002098077384890176
136.83076340909508	-0.7589905673738091	0.0021344588470138476
139.16502986948103	-0.6513535028727713	0.0021710604178057065
141.5151748463547	-0.5418808571154372	0.0022078820972657523
143.88122035058294	-0.4305616246683943	0.0022449238853939854
146.26318839303244	-0.3173848000982371	0.0022821857821904044
148.66110098457014	-0.20233937797155122	0.002319667787655011
151.07498013606283	-0.08541435285493115	0.0023573699017878044
153.50484785837736	0.03340128068503034	0.0023952921245887853
155.95072616238053	0.15411852808175297	0.0024334344560579535
158.4126370589391	0.27674839476863333	0.002471796896195308
160.89060255891997	0.40130188617908225	0.0025103794450008496
163.38464467318988	0.527790007746523	0.002549182102474578
165.89478541261568	0.656223764904345	0.002588204868616493
168.42104678806425	0.7866141630859715	0.002627447743426596
170.96345081040232	0.9189722077248117	0.0026669107269048854
173.52201949049677	1.0533089042542638	0.002706593819051362
176.0967748392144	1.1896352581077494	0.0027464970198660256
178.687738867422	1.3279622747186686	0.002786620329348876
181.29493358598648	1.4683009595204393	0.002826963747499914
183.91838100577448	1.6106623179464652	0.0028675272743191376
186.55810313765303	1.7550573554301554	0.0029083109098065494
189.21412199248874	1.9014970774049225	0.0029493146539621468
191.88645958114864	2.04999248930417	0.0029905385067859327
194.57513791449946	2.200554596561318	0.003031982468277906
197.28017900340794	2.353194404609768	0.003073646538438065
200.001604858741	2.5079229188829295	0.0031155307172664117
202.73943749136538	2.664751144814211	0.003157635004762944
205.493698912148	2.823690087837024	0.0031999594009276657
208.26441113195557	2.984750753384782	0.0032425039057605723
211.051596161655	3.1479441468908878	0.003285268519261667
213.8552760121131	3.31328127378875	0.0033282532414309492
216.67547269419654	3.4807731395117845	0.003371458072268417
219.51220821877234	3.6504307494933954	0.003414883011774072
222.36550459670718	3.82226510916699	0.0034585280599479136
225.23538383886796	3.996287223965993	0.003502393216789943
228.1218679561215	4.172508099323791	0.0035464784823001595
231.02497895933413	4.350938740673781	0.003590783856478556
233.94473885937356	4.531590153449423	0.0036353093393251467
236.88116966710612	4.7144733430841015	0.003680054930839923
239.83429339339875	4.899599315011221	0.003725020631022887
242.80413204911827	5.0869790746641925	0.003770206439874039
245.7907076451313	5.276623627476427	0.0038156123573933765
248.7940421923049	5.4685439788813355	0.003861238383580902
251.81415770150568	5.662751134312321	0.003907084518436614
254.85107618360058	5.8592560992027956	0.003953150761960513
257.9048196494565	6.058069878986174	0.0039994371141525995
260.97541010994007	6.259203479095863	0.004045943575012872
264.0628695759182	6.462667904965265	0.0040926701445413325
267.1672200582578	6.668474162027799	0.00413961682273798
270.2884835678255	6.876633255716868	0.004186783609602814
273.4266821154881	7.087156191465882	0.004234170505135834
276.58183771211276	7.300053974708252	0.004281777509337043
279.75397236856594	7.515337610877387	0.004329604622206437
282.944360259485	7.7330182788604125	0.004377670704241542
286.1591749325676	7.953110321583211	0.004426068336997253
289.39927648921946	8.175630845792801	0.004474809963712972
292.664699328837	8.400597051187173	0.004523895584388706
295.95547785081595	8.628026137464337	0.004573325199024449
299.27164645455235	8.857935304322284	0.004623098807620203
302.61323953944236	9.090341751459025	0.004673216410175972
305.98029150488185	9.325262678572551	0.004723678006691751
309.3728367502668	9.562715285360866	0.004774483597167541
312.79090967499326	9.802716771521975	0.004825633181603343
316.23454467845727	10.045284336753868	0.004877126759999156
319.7037761600547	10.290435180754558	0.004928964332354981
323.1986385191817	10.538186503222034	0.004981145898670818
326.7191661552341	10.788555503854303	0.0050336714589466645
330.265393467608	11.041559382349368	0.005086541013182523
333.83735485569946	11.29721533840522	0.005139754561378393
337.4350847189045	11.555540571719874	0.005193312103534276
341.0586174566189	11.816552281991315	0.0052472136396501685
344.7079874682389	12.08026766891756	0.005301459169726074
348.38322915316036	12.346703932196592	0.00535604869376199
352.0843769107794	12.615878271526421	0.0054109822117579184
355.81146514049175	12.887807886605048	0.005466259723713856
359.56452824169384	13.16250997713047	0.0055218812296298075
363.34360061378135	13.440001742800696	0.00557784672950577
367.1487166561504	13.720300383313724	0.005634156223341744
370.9799107681969	14.003423098367541	0.005690809711137728
374.83721734931686	14.289387087660156	0.005747807192893724
378.72067079890644	14.57820955088958	0.005805148668609732
382.63030551636143	14.869907687753795	0.005862834138285751
386.56615590107816	15.164498697950824	0.005920863601921783
390.5282563524523	15.461999781178646	0.005979237059517826
394.5166412698799	15.762428137135267	0.006037954511073879
398.53134505275705	16.0658009655187	0.006097015956589944
402.5724021004797	16.37213546602693	0.00615642139606602
406.6398468124439	16.681448838357966	0.0062161708295021085
410.73371358804565	16.993758282209807	0.006276264256898209
414.85403682668095	17.309080997280457	0.00633670167825432
419.0008509277457	17.62743418326791	0.006397483093570443
423.174190290636	17.94883503987017	0.006458608502846576
427.37408931474783	18.273300766785233	0.006520077906082722
431.60058239947716	18.600848563711107	0.006581891303278878
435.8537039442201	18.93149563034579	0.006644048694435047
440.1334883483725	19.265259166387278	0.006706550079551227
444.4399700113305	19.60215637153357	0.006769395458627418
448.77318333249	19.94220444548269	0.006832584831663621
453.13316271124694	20.28542058793261	0.006896118198659834
457.51994254699775	20.63182199858134	0.006959995559616064
461.93355723913777	20.98142587712688	0.007024216914532299
466.3740411870635	21.334249423267238	0.0070887822634085485
470.84142879017054	21.690309836700397	0.007153691606244806
475.3357544478554	22.049624317124383	0.007218944943041079
479.8570525595136	22.41221006423718	0.007284542273797361
484.4053575245414	22.778084277736777	0.007350483598513655
488.9807037423348	23.147264157321207	0.007416768917189963
493.58312561228973	23.519766902688442	0.00748339822982628
498.21265753380214	23.89560971353651	0.007550371536422607
502.869333906268	24.27480978956338	0.007617688836978947
507.5531891290838	24.65738433046707	0.007685350131495302
512.2642576016449	25.043350535945578	0.007753355419971663
517.0025737233476	25.432725605696902	0.007821704702408038
521.7681718935878	25.82552673941904	0.007890397978804425
526.5610865117615	26.221771136810005	0.007959435249160821
531.3813519772649	26.621475997567796	0.008028816513477232
536.2290026894938	27.024658521390396	0.008098541771753651
541.1040730478444	27.431335907975825	0.008168611023990087
546.0065974517123	27.841525357022075	0.008239024270186529
550.9366103004938	28.255244068227142	0.008309781510342984
555.894145993585	28.672509241289035	0.00838088274445945
560.8792389303817	29.093338075905756	0.008452327972535928
565.89192351028	29.5177477717753	0.008524117194572417
570.9322341326757	29.945755528595672	0.008596250410568917
576.0002051969652	30.37737854606485	0.00866872762052543
581.095871102544	30.812634023880875	0.008741548824441952
586.2192662488086	31.251539161741725	0.008814714022318489
591.3704250351547	31.694111159345393	0.008888223214155035
596.5493818609783	32.14036721638989	0.008962076399951594
601.7561711256756	32.59032453257321	0.009036273579708163
606.9908272286422	33.04400030759337	0.009110814753424741
612.2533845692748	33.50141174114836	0.009185699921101336
617.5438775469688	33.96257603293616	0.00926092908273794
622.8623405611204	34.42751038265481	0.009336502238334557
628.2088080111254	34.8962319900023	0.009412419387891183
633.5833142963801	35.368758054676604	0.009488680531407822
638.9858938162802	35.845105776375746	0.009565285668884468
644.4165809702223	36.32529235479772	0.009642234800321134
649.8754101576016	36.809334989640526	0.009719527925717805
655.3624157778146	37.297250880602164	0.00979716504507449
660.8776322302572	37.789057227380646	0.009875146158391185
666.4210939143255	38.28477122967395	0.009953471265667894
671.9928352294153	38.7844100871801	0.010032140366904611
677.5928905749225	39.28799099959708	0.010111153462101341
683.2212943502435	39.795531166622894	0.010190510551258082
688.8780809547741	40.30704778795556	0.010270211634374835
694.5632847879101	40.82255806329305	0.0103502567114516
700.2769402490479	41.34207919233339	0.010430645782488375
706.0190817375831	41.865628374774545	0.010511378847485162
711.7897436529122	42.39322281031456	0.010592455906441962
717.5889603944307	42.92487969865142	0.010673876959358774
723.4167663615348	43.460616239483116	0.010755642006235595
729.2731959536205	44.000449632507646	0.010837751047072429
735.1582835700837	44.54439707742302	0.010920204081869271
741.0720636103206	45.09247577392723	0.011003001110626128
747.0145704737273	45.6447029217183	0.011086142133342997
752.9858385596991	46.201095720494195	0.011169627150019873
758.9859022676329	46.76167136995294	0.011253456160656764
765.0147959969242	47.32644706979255	0.011337629165253667
771.0725541469692	47.895440019710975	0.01142214616381058
777.1592111171637	48.46866741940627	0.011507007156327506
783.2748013069039	49.046146468576396	0.011592212142804441
789.4193591155857	49.62789436691938	0.011677761123241391
795.5929189426051	50.21392831413321	0.01176365409763835
801.7955151873579	50.80426550991588	0.011849891065995318
808.0271822492405	51.3989231539654	0.0119364720283123
814.2879545276489	51.99791844597978	0.012023396984589298
820.5778664219786	52.60126858565701	0.0121106659348263
826.8969523316259	53.208990772695074	0.012198278879023316
833.2452466559871	53.821102206792006	0.012286235817180347
839.6227837944576	54.437620087645776	0.012374536749297383
846.0295981464338	55.05856161495439	0.012463181675374434
852.4657241113118	55.68394398841588	0.012552170595411498
858.9311960884875	56.31378440772822	0.012641503509408573
865.4260484773567	56.948100072589426	0.012731180417365661
871.9503156773154	57.586908182697464	0.012821201319282756
878.5040320877597	58.23022593775035	0.012911566215159861
885.0872321080859	58.87807053744611	0.013002275104996984
891.6999501376896	59.53045918148272	0.013093327988794114
898.3422205759667	60.18740906955818	0.013184724866551256
905.0140778223137	60.84893740137051	0.013276465738268411
911.715556276126	61.51506137661769	0.013368550603945574
918.4466903368002	62.18579819499773	0.01346097946358275
925.2075144037321	62.86116505620865	0.01355375231717994
931.9980628763177	63.541179159948385	0.013646869164737141
938.8183701539529	64.22585770591502	0.013740330006254355
945.6684706360334	64.9152178938065	0.013834134841731575
952.5483987219559	65.60927692332083	0.013928283671168811
959.458188811116	66.30805199415605	0.014022776494566057
966.3978753029096	67.01156030601013	0.014117613311923315
973.3674925967329	67.71981905858105	0.014212794123240583
980.3670750919816	68.43284545156683	0.014308318928517864
987.3966571880522	69.15065668466548	0.014404187727755154
994.4562732843406	69.87326995757502	0.014500400520952458
1001.5459577802426	70.60070246999341	0.014596957308109774
1008.665745075154	71.33297142161867	0.014693858089227099
1015.8156695684711	72.07009401214879	0.014791102864304436
1022.9957656595897	72.81208744128176	0.014888691633341783
1030.2060677479062	73.55896890871566	0.014986624396339146
1037.4466102328165	74.31075561414838	0.015084901153296517
1044.717427513716	75.06746475727796	0.0151835219042139
1052.0185539900015	75.8291135378024	0.015282486649091294
1059.3500240610688	76.59571915541974	0.015381795387928703
1066.7118721263132	77.36729880982794	0.015481448120726117
1074.1041325851318	78.14386970072503	0.015581444847483548
1081.5268398369199	78.92544902780897	0.01568178556820099
1088.9800282810736	79.71205399077779	0.015782470282878443
1096.463732316989	80.50370178932948	0.015883498991515907
1103.9779863440622	81.30040962316204	0.015984871694113383
1111.5228247616885	82.1021946919735	0.016086588390670863
1119.0982819692651	82.9090741954618	0.016188649081188364
1126.7043923661868	83.72106533332499	0.01629105376566587
1134.3411903518506	84.53818530526107	0.016393802444103395
1142.0087103256521	85.360451310968	0.016496895116500928
1149.7069866869872	86.18788055014382	0.016600331782858472
1157.4360538352516	87.0204902224865	0.016704112443176024
1165.1959461698423	87.85829752769409	0.016808237097453594
1172.986698090154	88.70131966546455	0.01691270574569117
1180.808343995584	89.54957383549588	0.01701751838788876
1188.6609182855273	90.40307723748607	0.017122675024046363
1196.5444553593804	91.26184707113316	0.017228175654163975
1204.458989616539	92.12590053613515	0.017334020278241595
1212.4045554563995	92.99525483219	0.017440208896279234
1220.3811872783576	93.86992715899575	0.01754674150827688
1228.3889194818096	94.74993471625035	0.01765361811423454
